0.000676286 6.15773e-008 1.5935e-012 2.37202e-014 0.0184144 
0.000681913 6.88575e-008 1.9991e-012 3.23503e-014 0.0186262 
0.00068183 6.87979e-008 2.07839e-012 3.40282e-014 0.0185162 
0.000679407 6.57764e-008 1.83764e-012 2.8202e-014 0.0185567 
0.000675719 6.11567e-008 1.27209e-012 1.80822e-014 0.0182485 
0.000707971 9.27999e-008 2.28429e-012 5.24968e-014 0.0148685 
0.000707579 9.17114e-008 2.28384e-012 5.79333e-014 0.0147836 
0.000708797 9.20953e-008 2.44015e-012 7.02002e-014 0.0146477 
0.000708561 9.44396e-008 2.23633e-012 4.89336e-014 0.0148662 
0.000708392 9.18278e-008 2.45096e-012 6.84618e-014 0.0145394 
0.000722227 1.13198e-007 5.37252e-012 3.07025e-013 0.0194694 
0.000721339 1.12176e-007 5.18664e-012 2.89762e-013 0.0199906 
0.000715315 1.04694e-007 3.88164e-012 1.62238e-013 0.0202086 
0.000715768 1.05334e-007 3.9925e-012 1.72088e-013 0.0198353 
0.000712864 1.01413e-007 3.27901e-012 1.17882e-013 0.0190368 
0.000747193 1.56387e-007 2.28198e-012 2.90035e-013 0.0212706 
0.000746207 1.55388e-007 2.15974e-012 2.70988e-013 0.0204724 
0.000733044 1.38012e-007 1.10726e-012 1.29613e-013 0.0203264 
0.000725681 1.28022e-007 7.19648e-013 8.1147e-014 0.0198032 
0.000725916 1.28315e-007 7.24032e-013 8.21741e-014 0.0199884 
0.000740293 1.43449e-007 4.01009e-012 3.46731e-013 0.0177068 
0.000730646 1.32012e-007 2.61179e-012 1.79285e-013 0.0172883 
0.000725276 1.25245e-007 2.02405e-012 1.10052e-013 0.0169643 
0.000719745 1.16812e-007 3.24434e-012 1.59995e-013 0.0166045 
0.000739389 1.41187e-007 6.26697e-012 5.33677e-013 0.0168075 
0.000690002 6.59628e-008 9.99529e-012 6.5783e-013 0.0183714 
0.000696563 7.38172e-008 9.34887e-012 6.13982e-013 0.0186671 
0.000694549 6.86868e-008 1.10958e-011 7.17076e-013 0.0183702 
0.000696876 7.18085e-008 1.09335e-011 6.85128e-013 0.0184316 
0.000683515 5.74319e-008 1.23131e-011 8.08044e-013 0.0180689 
0.000675452 5.4685e-008 5.98775e-012 1.03951e-013 0.0152058 
0.00067669 5.60563e-008 6.27214e-012 1.11857e-013 0.0150256 
0.000671475 5.06501e-008 5.09394e-012 1.00941e-013 0.0154097 
0.00070326 7.79863e-008 1.89246e-011 7.41739e-013 0.0159125 
0.000696636 7.51271e-008 1.2707e-011 3.51877e-013 0.0159601 
0.000694359 7.4122e-008 1.14759e-011 2.74636e-013 0.019724 
0.00069693 8.22877e-008 8.26562e-012 2.31337e-013 0.0197851 
0.000711733 1.0055e-007 1.05254e-011 4.43688e-013 0.0218108 
0.000710427 9.83853e-008 1.06445e-011 4.15885e-013 0.0216027 
0.000699846 8.49564e-008 9.96662e-012 3.2377e-013 0.0206628 
0.000706437 6.79064e-008 1.6123e-011 1.48282e-012 0.0203147 
0.000704906 6.74359e-008 1.5173e-011 1.39997e-012 0.0202254 
0.000705222 6.64979e-008 1.46195e-011 1.29468e-012 0.0202261 
0.000705997 6.70574e-008 1.47864e-011 1.30393e-012 0.0202422 
0.00070654 6.70845e-008 1.4485e-011 1.27119e-012 0.0202924 
0.00069407 7.06348e-008 1.51474e-011 9.03594e-013 0.0155919 
0.000693555 6.92319e-008 1.51264e-011 8.70941e-013 0.0155458 
0.000693357 6.87742e-008 1.47617e-011 8.28214e-013 0.0155646 
0.000693737 6.84689e-008 1.44815e-011 7.76866e-013 0.0155143 
0.000695506 6.96944e-008 1.57078e-011 9.2938e-013 0.0153547 