0.000676286 6.15773e-008 1.5935e-012 2.37202e-014 -4.36378e-027 -5.69962e-018 -1.4915e-027 
0.000681913 6.88575e-008 1.9991e-012 3.23503e-014 -7.09068e-027 -7.7786e-018 4.17178e-027 
0.00068183 6.87979e-008 2.07839e-012 3.40282e-014 -8.05219e-027 -8.32671e-018 4.12978e-027 
0.000679407 6.57764e-008 1.83764e-012 2.8202e-014 -6.34024e-027 -7.16994e-018 1.01027e-027 
0.000675719 6.11567e-008 1.27209e-012 1.80822e-014 -2.53736e-027 -4.33326e-018 -1.04054e-027 
0.000707971 9.27999e-008 2.28429e-012 5.24968e-014 -1.42951e-026 -1.53823e-017 -1.12309e-026 
0.000707579 9.17114e-008 2.28384e-012 5.79333e-014 -1.15125e-026 -1.517e-017 -1.76503e-026 
0.000708797 9.20953e-008 2.44015e-012 7.02002e-014 -1.19152e-026 -1.71661e-017 -2.64991e-026 
0.000708561 9.44396e-008 2.23633e-012 4.89336e-014 -1.52086e-026 -1.50211e-017 -5.54355e-027 
0.000708392 9.18278e-008 2.45096e-012 6.84618e-014 -1.3104e-026 -1.71698e-017 -2.47943e-026 
0.000722227 1.13198e-007 5.37252e-012 3.07025e-013 2.84437e-025 4.39925e-017 2.73101e-025 
0.000721339 1.12176e-007 5.18664e-012 2.89762e-013 2.5937e-025 4.1928e-017 2.42721e-025 
0.000715315 1.04694e-007 3.88164e-012 1.62238e-013 3.81549e-026 6.7636e-019 1.22964e-025 
0.000715768 1.05334e-007 3.9925e-012 1.72088e-013 5.04146e-026 3.62493e-018 1.33436e-025 
0.000712864 1.01413e-007 3.27901e-012 1.17882e-013 3.77119e-027 -6.81897e-018 7.31929e-026 
0.000747193 1.56387e-007 2.28198e-012 2.90035e-013 2.34075e-025 1.14697e-016 -2.97287e-026 
0.000746207 1.55388e-007 2.15974e-012 2.70988e-013 2.05913e-025 1.06812e-016 -2.40479e-026 
0.000733044 1.38012e-007 1.10726e-012 1.29613e-013 4.8534e-026 4.80727e-017 -7.44433e-027 
0.000725681 1.28022e-007 7.19648e-013 8.1147e-014 1.91013e-026 2.87132e-017 -4.4357e-027 
0.000725916 1.28315e-007 7.24032e-013 8.21741e-014 1.95317e-026 2.91577e-017 -4.50193e-027 
0.000740293 1.43449e-007 4.01009e-012 3.46731e-013 3.51071e-025 9.10193e-017 2.09545e-025 
0.000730646 1.32012e-007 2.61179e-012 1.79285e-013 9.55383e-026 3.77187e-017 7.69651e-026 
0.000725276 1.25245e-007 2.02405e-012 1.10052e-013 3.31159e-026 1.64911e-017 4.00147e-026 
0.000719745 1.16812e-007 3.24434e-012 1.59995e-013 4.89269e-026 9.49306e-018 1.04374e-025 
0.000739389 1.41187e-007 6.26697e-012 5.33677e-013 8.01557e-025 1.2347e-016 5.56839e-025 
0.000690002 6.59628e-008 9.99529e-012 6.5783e-013 1.33727e-024 7.02809e-017 -1.02814e-024 
0.000696563 7.38172e-008 9.34887e-012 6.13982e-013 1.09326e-024 4.78959e-017 -9.84185e-025 
0.000694549 6.86868e-008 1.10958e-011 7.17076e-013 1.58692e-024 6.37448e-017 -1.25417e-024 
0.000696876 7.18085e-008 1.09335e-011 6.85128e-013 1.39436e-024 4.93444e-017 -1.25378e-024 
0.000683515 5.74319e-008 1.23131e-011 8.08044e-013 2.22445e-024 1.17453e-016 -1.24428e-024 
0.000675452 5.4685e-008 5.98775e-012 1.03951e-013 -7.73427e-026 -2.16871e-017 2.72746e-026 
0.00067669 5.60563e-008 6.27214e-012 1.11857e-013 -8.73436e-026 -2.33334e-017 3.39005e-026 
0.000671475 5.06501e-008 5.09394e-012 1.00941e-013 -1.51201e-026 -6.32547e-018 7.07849e-026 
0.00070326 7.79863e-008 1.89246e-011 7.41739e-013 5.29791e-026 -1.15908e-016 -2.7785e-024 
0.000696636 7.51271e-008 1.2707e-011 3.51877e-013 -4.54537e-025 -8.66053e-017 -5.89087e-025 
0.000694359 7.4122e-008 1.14759e-011 2.74636e-013 -4.69679e-025 -7.47581e-017 -1.30834e-025 
0.00069693 8.22877e-008 8.26562e-012 2.31337e-013 -1.06164e-025 -2.25402e-017 3.01763e-025 
0.000711733 1.0055e-007 1.05254e-011 4.43688e-013 3.19942e-025 3.03897e-017 9.03863e-025 
0.000710427 9.83853e-008 1.06445e-011 4.15885e-013 1.27083e-025 5.90958e-018 8.65749e-025 
0.000699846 8.49564e-008 9.96662e-012 3.2377e-013 -1.07546e-025 -2.4095e-017 5.71576e-025 
0.000706437 6.79064e-008 1.6123e-011 1.48282e-012 7.20205e-024 3.8094e-016 8.34788e-025 
0.000704906 6.74359e-008 1.5173e-011 1.39997e-012 6.41716e-024 3.57934e-016 6.723e-025 
0.000705222 6.64979e-008 1.46195e-011 1.29468e-012 5.61391e-024 3.23499e-016 4.58788e-025 
0.000705997 6.70574e-008 1.47864e-011 1.30393e-012 5.70857e-024 3.26101e-016 4.39691e-025 
0.00070654 6.70845e-008 1.4485e-011 1.27119e-012 5.44404e-024 3.14149e-016 3.41381e-025 
0.00069407 7.06348e-008 1.51474e-011 9.03594e-013 2.96818e-024 1.38408e-016 -1.53791e-024 
0.000693555 6.92319e-008 1.51264e-011 8.70941e-013 2.76838e-024 1.25175e-016 -1.52617e-024 
0.000693357 6.87742e-008 1.47617e-011 8.28214e-013 2.50638e-024 1.12918e-016 -1.4506e-024 
0.000693737 6.84689e-008 1.44815e-011 7.76866e-013 2.21166e-024 9.64483e-017 -1.37777e-024 
0.000695506 6.96944e-008 1.57078e-011 9.2938e-013 3.19445e-024 1.41573e-016 -1.55078e-024 
