0.000917304 2.83825e-007 1.39555e-011 7.6725e-012 -4.11211e-023 3.9178e-015 6.7913e-023 
0.000912191 2.68769e-007 2.13903e-011 8.20578e-012 -1.56799e-023 3.8806e-015 1.07578e-022 
0.000917116 2.76871e-007 2.34166e-011 8.44402e-012 8.77428e-026 4.0147e-015 1.18737e-022 
0.000917304 2.76765e-007 2.79084e-011 8.78409e-012 2.74335e-023 4.00576e-015 1.34771e-022 
0.000924161 3.18411e-007 3.54464e-012 6.77888e-012 -3.29172e-023 3.82318e-015 4.54446e-024 
0.000928529 2.36769e-007 4.72678e-011 9.6516e-012 -1.38796e-022 4.65277e-015 1.52425e-022 
0.000929119 2.3683e-007 4.863e-011 9.73712e-012 -1.39561e-022 4.68617e-015 1.59428e-022 
0.000929905 2.39624e-007 5.13681e-011 9.80513e-012 -1.17177e-022 4.70804e-015 1.8626e-022 
0.000930609 2.39749e-007 4.57265e-011 9.78668e-012 -1.48813e-022 4.76461e-015 1.43934e-022 
0.000936589 2.49531e-007 4.63259e-011 1.02537e-011 -1.22933e-022 5.05627e-015 1.86628e-022 
0.0009284 3.2472e-007 2.84729e-011 4.75043e-012 1.96002e-023 2.12923e-015 5.16542e-023 
0.000928454 3.25539e-007 2.89822e-011 4.60044e-012 1.98489e-023 2.05779e-015 4.92732e-023 
0.000934305 3.52979e-007 2.88103e-011 3.8204e-012 2.75873e-023 1.47725e-015 2.90761e-023 
0.000933146 3.53001e-007 2.86784e-011 3.67975e-012 2.69558e-023 1.38969e-015 2.65012e-023 
0.000926952 3.32029e-007 2.94767e-011 4.07727e-012 2.42605e-023 1.70222e-015 3.75419e-023 
0.000916412 2.55687e-007 1.86545e-011 9.85563e-012 -6.75753e-023 4.94376e-015 1.1529e-022 
0.000915976 2.52364e-007 1.94279e-011 1.00222e-011 -7.07687e-023 5.00169e-015 1.20622e-022 
0.000913199 2.55097e-007 2.63236e-011 9.64368e-012 -2.1851e-023 4.70704e-015 1.5209e-022 
0.000914077 2.55259e-007 2.64272e-011 9.77804e-012 -2.24594e-023 4.77819e-015 1.55569e-022 
0.000913311 2.54358e-007 2.61416e-011 9.77706e-012 -2.27315e-023 4.77498e-015 1.54645e-022 
0.000922228 2.71608e-007 3.59342e-011 7.43939e-012 -2.94298e-023 3.46686e-015 1.18021e-022 
0.000928173 2.66702e-007 4.31104e-011 8.14967e-012 -2.18473e-023 3.73874e-015 1.51187e-022 
0.00092902 2.65665e-007 4.88513e-011 8.23696e-012 -4.43516e-025 3.68576e-015 1.65229e-022 
0.000930037 2.68408e-007 5.16693e-011 8.2517e-012 1.77937e-023 3.62146e-015 1.69453e-022 
0.000928221 2.82299e-007 2.70598e-011 6.09824e-012 -7.29731e-023 3.23676e-015 2.84896e-023 
0.000886732 2.40394e-007 2.65496e-011 6.29034e-012 -4.52704e-024 2.78773e-015 8.11645e-023 
0.00088751 2.43194e-007 2.89047e-011 6.49145e-012 1.11244e-023 2.79671e-015 8.82208e-023 
0.000882297 2.45867e-007 1.71908e-011 5.4133e-012 -1.80449e-023 2.54073e-015 4.90037e-023 
0.000893726 2.52547e-007 2.58025e-011 6.96607e-012 1.165e-023 3.09277e-015 9.26633e-023 
0.000870481 2.38768e-007 1.65489e-011 4.44719e-012 -1.13936e-023 2.04672e-015 3.64105e-023 
0.000884235 3.12849e-007 3.26726e-012 4.75757e-012 1.31353e-023 2.28242e-015 1.33903e-023 
0.000888561 3.1966e-007 4.1253e-012 4.32929e-012 1.21148e-023 1.99279e-015 1.37102e-023 
0.000898253 3.37139e-007 9.45079e-012 4.16528e-012 2.35452e-023 1.47475e-015 1.13398e-023 
0.000871158 3.01779e-007 1.12201e-012 4.66996e-012 1.0593e-023 2.50158e-015 -1.43513e-024 
0.000871858 3.002e-007 6.66082e-013 4.60714e-012 8.05477e-024 2.44243e-015 5.0662e-025 
0.000859757 2.44596e-007 2.8824e-012 4.24611e-012 -1.16897e-023 2.05809e-015 9.16594e-024 
0.00087848 2.31637e-007 1.50194e-011 7.63472e-012 -6.54572e-024 3.41531e-015 8.14928e-023 
0.000881049 2.31899e-007 1.82746e-011 8.25245e-012 6.54378e-024 3.61967e-015 1.01133e-022 
0.000881813 2.32433e-007 2.09974e-011 8.44813e-012 2.00806e-023 3.64995e-015 1.10712e-022 
0.00088017 2.36115e-007 2.33748e-011 8.07426e-012 3.60189e-023 3.42789e-015 1.04914e-022 
0.000866258 1.90999e-007 1.40252e-011 9.20715e-012 -8.38244e-023 4.01335e-015 6.26119e-023 
0.000875368 2.01742e-007 2.33533e-011 9.227e-012 -5.65071e-023 4.01168e-015 1.23095e-022 
0.000849313 1.74104e-007 7.9164e-012 8.56854e-012 -6.99513e-023 3.53197e-015 -9.32906e-024 
0.00087076 1.83824e-007 1.74227e-011 1.13517e-011 -9.35912e-023 4.80228e-015 1.2933e-022 
0.000874736 1.84896e-007 2.11924e-011 1.17981e-011 -8.97614e-023 4.95466e-015 1.63541e-022 
0.000894287 2.95805e-007 5.45819e-012 5.09711e-012 -1.03026e-023 2.69288e-015 2.48326e-023 
0.000895918 2.9901e-007 5.58604e-012 5.11702e-012 -9.56089e-024 2.71432e-015 2.56326e-023 
0.000897367 3.01609e-007 7.15172e-012 5.31065e-012 -4.0991e-024 2.77812e-015 3.24708e-023 
0.00089905 3.06354e-007 3.96327e-012 5.06852e-012 -1.08666e-023 2.73872e-015 1.99493e-023 
0.00089952 3.05661e-007 7.63348e-012 5.47135e-012 -5.85954e-025 2.85378e-015 3.53544e-023 