0.00101759 4.73836e-007 5.22994e-011 7.63198e-011 0.0265936 
0.00100981 4.66575e-007 5.85139e-011 6.43574e-011 0.0267135 
0.00102691 4.90329e-007 5.54242e-011 7.24589e-011 0.0266793 
0.00102576 4.86252e-007 6.35872e-011 9.00161e-011 0.0263064 
0.00102545 4.84836e-007 6.87076e-011 9.33619e-011 0.0261681 
0.00103123 5.40055e-007 4.87794e-011 5.95458e-011 0.0222663 
0.00101663 5.1734e-007 4.47488e-011 4.72314e-011 0.0229183 
0.00102539 5.402e-007 6.96031e-011 6.91094e-011 0.0223247 
0.00101367 5.23347e-007 6.07157e-011 5.38683e-011 0.0230558 
0.00102643 5.73422e-007 9.62388e-011 5.71485e-011 0.0229755 
0.000968749 4.11656e-007 1.69124e-011 3.26321e-011 0.0263834 
0.000971876 4.16065e-007 1.75369e-011 3.36025e-011 0.0263 
0.000986731 4.6734e-007 3.64583e-011 4.75906e-011 0.0255536 
0.000986855 4.67695e-007 3.61942e-011 4.74006e-011 0.0255173 
0.000986723 4.67616e-007 3.60033e-011 4.72471e-011 0.0255658 
0.00101332 4.76085e-007 5.09021e-011 6.20437e-011 0.0260649 
0.00101272 4.74891e-007 5.07664e-011 6.22826e-011 0.0262835 
0.00101603 4.86317e-007 5.31638e-011 6.57369e-011 0.0261416 
0.00101336 4.8345e-007 5.42142e-011 6.46437e-011 0.0261212 
0.00102144 5.02136e-007 6.04851e-011 6.99573e-011 0.0260646 
0.000992944 4.79021e-007 4.66756e-011 4.97935e-011 0.024082 
0.000995969 4.81372e-007 4.45529e-011 4.79295e-011 0.0240571 
0.00100182 4.89409e-007 4.42131e-011 4.67e-011 0.023984 
0.0010078 5.09808e-007 6.03968e-011 6.08189e-011 0.0235186 
0.00100883 5.0951e-007 5.4841e-011 5.85997e-011 0.0231217 
0.000982432 4.83042e-007 6.43041e-011 4.4121e-011 0.0231858 
0.000976128 4.74308e-007 6.20787e-011 4.14998e-011 0.0233831 
0.000987866 4.94248e-007 6.82425e-011 4.5464e-011 0.0231781 
0.000980239 4.82971e-007 7.85437e-011 4.79116e-011 0.0231811 
0.000972483 4.72113e-007 8.40066e-011 4.7942e-011 0.0229366 
0.000975219 4.90714e-007 8.579e-011 4.61263e-011 0.0210485 
0.000976711 4.92744e-007 8.80928e-011 4.73533e-011 0.0212361 
0.000968994 4.74466e-007 1.08457e-010 5.44179e-011 0.0208223 
0.000969101 4.72326e-007 1.19733e-010 5.88425e-011 0.0205741 
0.00098191 4.95764e-007 1.15699e-010 5.97348e-011 0.0204706 
0.000977717 4.86697e-007 4.33041e-011 3.48012e-011 0.0253197 
0.000977556 4.8629e-007 4.35055e-011 3.49331e-011 0.0247694 
0.000972974 4.78833e-007 3.53025e-011 3.03777e-011 0.0250048 
0.000971879 4.77367e-007 3.57128e-011 3.0324e-011 0.0251058 
0.000970978 4.75949e-007 3.53799e-011 2.99194e-011 0.0248599 
0.000976185 4.53234e-007 1.46814e-010 7.06675e-011 0.0263423 
0.000976714 4.53751e-007 1.47624e-010 7.10546e-011 0.0264673 
0.000967809 4.38406e-007 1.68573e-010 7.40494e-011 0.0256433 
0.000969637 4.41655e-007 1.66823e-010 7.39346e-011 0.0264201 
0.000969604 4.4057e-007 1.67116e-010 7.44499e-011 0.0261566 
0.000989117 4.99581e-007 8.99758e-011 5.93336e-011 0.0236412 
0.000986662 4.96459e-007 7.36165e-011 5.18442e-011 0.0240223 
0.000985448 4.96529e-007 6.45463e-011 4.69984e-011 0.0240759 
0.00100081 5.18426e-007 7.18701e-011 5.43295e-011 0.0240284 
0.000988781 5.00004e-007 9.80639e-011 6.2222e-011 0.0232792 