0.000852027 6.35587e-008 4.2262e-011 1.55393e-011 0.0258156 
0.000842532 7.17159e-008 3.24593e-011 1.36866e-011 0.0260939 
0.000854918 7.68533e-008 3.8269e-011 1.58444e-011 0.0260128 
0.00084847 8.00237e-008 3.26556e-011 1.45415e-011 0.0261879 
0.000845054 6.69623e-008 4.21019e-011 1.40348e-011 0.0260674 
0.000856027 6.61466e-008 3.67097e-011 1.56073e-011 0.0284742 
0.000857231 7.02924e-008 3.31517e-011 1.63366e-011 0.0281298 
0.000848966 7.1908e-008 3.02018e-011 1.45982e-011 0.0279736 
0.000850147 8.29534e-008 3.25796e-011 1.43767e-011 0.028245 
0.000853692 8.60688e-008 3.71762e-011 1.44474e-011 0.0284049 
0.000836418 8.21307e-008 2.35408e-011 9.07111e-012 0.0306249 
0.000834208 8.5405e-008 2.24905e-011 8.4586e-012 0.030573 
0.000830098 9.88532e-008 1.91334e-011 6.73923e-012 0.030166 
0.000829015 1.0063e-007 1.85805e-011 6.56817e-012 0.031566 
0.000831536 8.00566e-008 2.675e-011 8.13794e-012 0.0305604 
0.000852819 5.02155e-008 2.18032e-011 1.72605e-011 0.0332044 
0.000852083 4.98629e-008 2.17934e-011 1.71302e-011 0.0332003 
0.000850909 4.85375e-008 2.16662e-011 1.6876e-011 0.0335375 
0.000851122 4.45874e-008 2.41103e-011 1.68004e-011 0.0336317 
0.000851029 4.49732e-008 2.35031e-011 1.67592e-011 0.0334799 
0.000874565 7.55796e-008 2.42833e-011 1.71161e-011 0.0259824 
0.000877823 7.87032e-008 2.43137e-011 1.77395e-011 0.0253878 
0.000885681 8.25615e-008 2.78505e-011 1.86319e-011 0.02551 
0.00088244 8.9051e-008 2.75507e-011 1.80164e-011 0.025107 
0.00087407 7.68418e-008 2.12733e-011 1.65237e-011 0.0245754 
0.000838467 9.8336e-008 2.87466e-011 1.32819e-011 0.0254414 
0.000833383 8.55346e-008 2.93322e-011 1.29928e-011 0.0250305 
0.00084344 1.14703e-007 3.06178e-011 1.29002e-011 0.026107 
0.000836574 8.96727e-008 2.93724e-011 1.3335e-011 0.0251681 
0.000838488 8.80897e-008 3.10111e-011 1.36448e-011 0.0251971 
0.000830505 8.76574e-008 6.45678e-013 1.27759e-011 0.0276104 
0.000828544 8.18431e-008 2.31948e-013 1.27049e-011 0.0268485 
0.000828805 7.50891e-008 3.68521e-013 1.2827e-011 0.0266658 
0.000824737 8.17435e-008 7.54465e-014 1.20873e-011 0.0267156 
0.000826452 7.08034e-008 2.92693e-013 1.274e-011 0.0263218 
0.000820394 1.05402e-007 1.36732e-011 1.0048e-011 0.0279734 
0.000820832 1.04111e-007 1.38115e-011 1.01901e-011 0.0277622 
0.00081929 1.07532e-007 1.37181e-011 9.46296e-012 0.0275429 
0.00082248 1.15231e-007 1.44373e-011 9.72124e-012 0.0279396 
0.000814892 9.87514e-008 1.40436e-011 9.18222e-012 0.0276844 
0.000815224 9.45406e-008 1.093e-011 1.00187e-011 0.0299265 
0.000814901 9.48703e-008 1.09757e-011 1.00291e-011 0.0301773 
0.000813315 8.85634e-008 9.99486e-012 1.03274e-011 0.0292013 
0.000812491 8.87855e-008 8.23415e-012 1.02063e-011 0.0293927 
0.000812622 8.81491e-008 7.94652e-012 1.03158e-011 0.029308 
0.00083001 1.06071e-007 2.32658e-011 1.09935e-011 0.0281329 
0.000831776 1.0886e-007 2.26195e-011 1.10562e-011 0.0280967 
0.000832056 1.06076e-007 2.03962e-011 1.09701e-011 0.0280464 
0.00082997 1.08368e-007 2.31707e-011 1.10491e-011 0.0281751 
0.000834116 1.01276e-007 1.73819e-011 1.22153e-011 0.0277811 