0.000856517 2.79451e-007 8.82209e-011 3.70883e-011 0.0183889 
0.000859093 2.92694e-007 7.55953e-011 3.09862e-011 0.0183345 
0.000862938 3.03548e-007 6.50962e-011 2.66147e-011 0.0183716 
0.000874414 3.19565e-007 7.47086e-011 3.17115e-011 0.0182145 
0.000874164 3.20091e-007 6.84537e-011 2.96442e-011 0.0182392 
0.000866243 2.60232e-007 1.44378e-010 7.1247e-011 0.0185117 
0.000886508 2.99533e-007 1.56887e-010 7.62787e-011 0.0186901 
0.000797171 1.59731e-007 9.06271e-011 2.96838e-011 0.0200139 
0.000798972 1.69684e-007 7.86583e-011 2.68639e-011 0.0202375 
0.000801745 1.70779e-007 8.57971e-011 2.88403e-011 0.0202338 
0.000785516 1.42877e-007 7.94061e-011 2.47776e-011 0.0199245 
0.000902957 3.14968e-007 1.94383e-010 9.70657e-011 0.0182515 
0.000786801 1.45771e-007 7.6744e-011 2.48528e-011 0.0198809 
0.000810177 2.07358e-007 4.48288e-011 1.881e-011 0.0177984 
0.000799697 2.04105e-007 3.44173e-011 1.25848e-011 0.0177473 
0.000803344 2.08092e-007 3.76278e-011 1.3917e-011 0.0176482 
0.000808969 2.14285e-007 4.28849e-011 1.60565e-011 0.0176378 
0.000816429 2.34718e-007 3.20714e-011 1.26907e-011 0.0187503 
0.000773952 1.66772e-007 8.98818e-012 5.78975e-012 0.0212514 
0.000774833 1.69286e-007 7.93464e-012 5.3466e-012 0.0216757 
0.000784086 1.85518e-007 7.04924e-012 5.23132e-012 0.0213708 
0.000783836 1.85138e-007 7.2289e-012 5.28559e-012 0.0213191 
0.000882129 2.95089e-007 1.52727e-010 7.29507e-011 0.0196802 
0.00078533 1.86977e-007 7.50538e-012 5.48456e-012 0.0214892 
0.000784298 1.43302e-007 8.51404e-011 3.14082e-011 0.022919 
0.000787846 1.47283e-007 8.94864e-011 3.32132e-011 0.0228669 
0.000790147 1.49667e-007 9.16321e-011 3.42818e-011 0.0237222 
0.000792485 1.56609e-007 8.64394e-011 3.29786e-011 0.022818 
0.000802301 1.68233e-007 9.04173e-011 3.7026e-011 0.024263 
0.000764304 1.43422e-007 3.92946e-011 1.10146e-011 0.0179229 
0.000772057 1.60485e-007 3.3203e-011 1.03114e-011 0.0182121 
0.000787333 1.83352e-007 3.29121e-011 1.18101e-011 0.0184604 
0.000786659 1.81395e-007 3.41818e-011 1.21972e-011 0.0183162 
0.000859046 2.50216e-007 1.36812e-010 6.73855e-011 0.0192892 
0.000797333 1.96628e-007 3.5074e-011 1.36078e-011 0.0195597 
0.000926218 3.21243e-007 2.5589e-010 1.38177e-010 0.0205182 
0.000927281 3.227e-007 2.55736e-010 1.38151e-010 0.0207953 
0.000932089 3.46311e-007 2.51251e-010 1.30666e-010 0.0205595 
0.000935346 3.4868e-007 2.61576e-010 1.36952e-010 0.020302 
0.00093817 3.53001e-007 2.66797e-010 1.3926e-010 0.0210091 
0.000869533 2.80258e-007 1.29186e-010 5.84197e-011 0.0212423 
0.000865407 2.84608e-007 1.03474e-010 4.6849e-011 0.0213134 
0.000873788 2.95671e-007 9.77066e-011 4.54851e-011 0.0214699 
0.000872721 2.93525e-007 9.95024e-011 4.61976e-011 0.0215192 
0.000849336 2.53279e-007 1.07715e-010 4.63945e-011 0.0207444 
0.000872984 2.9661e-007 1.21453e-010 5.23664e-011 0.0210319 
0.000872706 3.0462e-007 9.48116e-011 4.0454e-011 0.0214537 
0.000874215 3.07682e-007 9.1617e-011 3.95593e-011 0.0215832 
0.000863188 2.92402e-007 9.04517e-011 3.72656e-011 0.0214885 
0.000839411 2.63205e-007 6.88983e-011 2.56951e-011 0.0213436 