0.00101759 4.73836e-007 5.22994e-011 7.63198e-011 4.78828e-021 5.15309e-014 5.67118e-022 
0.00100981 4.66575e-007 5.85139e-011 6.43574e-011 3.89313e-021 4.16284e-014 6.64084e-022 
0.00102691 4.90329e-007 5.54242e-011 7.24589e-011 4.52401e-021 4.90775e-014 7.86328e-022 
0.00102576 4.86252e-007 6.35872e-011 9.00161e-011 6.80925e-021 6.27001e-014 1.18773e-022 
0.00102545 4.84836e-007 6.87076e-011 9.33619e-011 7.47746e-021 6.4999e-014 -2.72843e-023 
0.00103123 5.40055e-007 4.87794e-011 5.95458e-011 3.19438e-021 4.30377e-014 3.0799e-022 
0.00101663 5.1734e-007 4.47488e-011 4.72314e-011 2.14842e-021 3.25722e-014 3.14937e-022 
0.00102539 5.402e-007 6.96031e-011 6.91094e-011 4.79281e-021 5.07473e-014 5.54819e-023 
0.00101367 5.23347e-007 6.07157e-011 5.38683e-011 3.074e-021 3.8108e-014 2.03079e-022 
0.00102643 5.73422e-007 9.62388e-011 5.71485e-011 4.23741e-021 4.23977e-014 8.23284e-023 
0.000968749 4.11656e-007 1.69124e-011 3.26321e-011 7.24337e-022 2.00353e-014 2.51024e-022 
0.000971876 4.16065e-007 1.75369e-011 3.36025e-011 7.71081e-022 2.07435e-014 2.66102e-022 
0.000986731 4.6734e-007 3.64583e-011 4.75906e-011 1.98172e-021 3.25215e-014 -4.99196e-023 
0.000986855 4.67695e-007 3.61942e-011 4.74006e-011 1.96279e-021 3.23997e-014 -4.61738e-023 
0.000986723 4.67616e-007 3.60033e-011 4.72471e-011 1.94813e-021 3.22902e-014 -4.5022e-023 
0.00101332 4.76085e-007 5.09021e-011 6.20437e-011 3.44348e-021 4.12012e-014 5.47283e-022 
0.00101272 4.74891e-007 5.07664e-011 6.22826e-011 3.46308e-021 4.15204e-014 5.21853e-022 
0.00101603 4.86317e-007 5.31638e-011 6.57369e-011 3.86842e-021 4.49024e-014 3.70987e-022 
0.00101336 4.8345e-007 5.42142e-011 6.46437e-011 3.81139e-021 4.40191e-014 3.44005e-022 
0.00102144 5.02136e-007 6.04851e-011 6.99573e-011 4.54386e-021 4.90001e-014 2.48627e-022 
0.000992944 4.79021e-007 4.66756e-011 4.97935e-011 2.39236e-021 3.40222e-014 1.97679e-022 
0.000995969 4.81372e-007 4.45529e-011 4.79295e-011 2.19848e-021 3.25787e-014 2.68672e-022 
0.00100182 4.89409e-007 4.42131e-011 4.67e-011 2.09562e-021 3.17973e-014 3.33698e-022 
0.0010078 5.09808e-007 6.03968e-011 6.08189e-011 3.68496e-021 4.33288e-014 9.07045e-023 
0.00100883 5.0951e-007 5.4841e-011 5.85997e-011 3.31881e-021 4.16128e-014 1.44855e-022 
0.000982432 4.83042e-007 6.43041e-011 4.4121e-011 2.34418e-021 3.06452e-014 1.66866e-022 
0.000976128 4.74308e-007 6.20787e-011 4.14998e-011 2.10078e-021 2.85671e-014 1.53721e-022 
0.000987866 4.94248e-007 6.82425e-011 4.5464e-011 2.52507e-021 3.19587e-014 1.92253e-022 
0.000980239 4.82971e-007 7.85437e-011 4.79116e-011 2.93324e-021 3.32962e-014 1.85667e-022 
0.000972483 4.72113e-007 8.40066e-011 4.7942e-011 3.03749e-021 3.29409e-014 1.74564e-022 
0.000975219 4.90714e-007 8.579e-011 4.61263e-011 2.89569e-021 3.22517e-014 1.85411e-022 
0.000976711 4.92744e-007 8.80928e-011 4.73533e-011 3.05232e-021 3.31822e-014 1.92979e-022 
0.000968994 4.74466e-007 1.08457e-010 5.44179e-011 4.17324e-021 3.73782e-014 2.48414e-022 
0.000969101 4.72326e-007 1.19733e-010 5.88425e-011 4.93022e-021 4.02838e-014 2.95119e-022 
0.00098191 4.95764e-007 1.15699e-010 5.97348e-011 4.95691e-021 4.19121e-014 3.00193e-022 
0.000977717 4.86697e-007 4.33041e-011 3.48012e-011 1.348e-021 2.42709e-014 9.01024e-023 
0.000977556 4.8629e-007 4.35055e-011 3.49331e-011 1.35879e-021 2.43541e-014 9.11161e-023 
0.000972974 4.78833e-007 3.53025e-011 3.03777e-011 9.91433e-022 2.10066e-014 8.17584e-023 
0.000971879 4.77367e-007 3.57128e-011 3.0324e-011 9.94769e-022 2.09385e-014 7.91192e-023 
0.000970978 4.75949e-007 3.53799e-011 2.99194e-011 9.70437e-022 2.06287e-014 7.63793e-023 
0.000976185 4.53234e-007 1.46814e-010 7.06675e-011 7.16731e-021 4.70981e-014 6.64168e-022 
0.000976714 4.53751e-007 1.47624e-010 7.10546e-011 7.24609e-021 4.73715e-014 6.72581e-022 
0.000967809 4.38406e-007 1.68573e-010 7.40494e-011 8.24014e-021 4.84496e-014 7.39292e-022 
0.000969637 4.41655e-007 1.66823e-010 7.39346e-011 8.17779e-021 4.85651e-014 7.38496e-022 
0.000969604 4.4057e-007 1.67116e-010 7.44499e-011 8.27113e-021 4.88468e-014 7.41865e-022 
0.000989117 4.99581e-007 8.99758e-011 5.93336e-011 4.33019e-021 4.19309e-014 2.09355e-022 
0.000986662 4.96459e-007 7.36165e-011 5.18442e-011 3.19768e-021 3.6529e-014 1.8208e-022 
0.000985448 4.96529e-007 6.45463e-011 4.69984e-011 2.58347e-021 3.31153e-014 1.62468e-022 
0.00100081 5.18426e-007 7.18701e-011 5.43295e-011 3.38738e-021 3.91182e-014 2.25841e-022 
0.000988781 5.00004e-007 9.80639e-011 6.2222e-011 4.85537e-021 4.39814e-014 2.20621e-022 
