0.000852027 6.35587e-008 4.2262e-011 1.55393e-011 -2.36354e-022 2.38658e-015 -3.20493e-022 
0.000842532 7.17159e-008 3.24593e-011 1.36866e-011 -1.58501e-022 2.71165e-015 -2.41034e-022 
0.000854918 7.68533e-008 3.8269e-011 1.58444e-011 -1.85461e-022 2.98815e-015 -3.43256e-022 
0.00084847 8.00237e-008 3.26556e-011 1.45415e-011 -1.38801e-022 3.07743e-015 -2.84861e-022 
0.000845054 6.69623e-008 4.21019e-011 1.40348e-011 -1.65094e-022 2.6511e-015 -2.98556e-022 
0.000856027 6.61466e-008 3.67097e-011 1.56073e-011 -6.15136e-023 3.82144e-015 -3.6848e-022 
0.000857231 7.02924e-008 3.31517e-011 1.63366e-011 -2.08526e-023 4.15843e-015 -3.79614e-022 
0.000848966 7.1908e-008 3.02018e-011 1.45982e-011 -5.43828e-023 3.8035e-015 -3.01661e-022 
0.000850147 8.29534e-008 3.25796e-011 1.43767e-011 5.06501e-024 4.05205e-015 -3.11103e-022 
0.000853692 8.60688e-008 3.71762e-011 1.44474e-011 -6.27857e-023 3.94947e-015 -3.28886e-022 
0.000836418 8.21307e-008 2.35408e-011 9.07111e-012 -7.48339e-023 2.51747e-015 -1.09413e-022 
0.000834208 8.5405e-008 2.24905e-011 8.4586e-012 -6.65027e-023 2.41384e-015 -9.58569e-023 
0.000830098 9.88532e-008 1.91334e-011 6.73923e-012 -4.25748e-023 2.10312e-015 -6.35899e-023 
0.000829015 1.0063e-007 1.85805e-011 6.56817e-012 -3.87057e-023 2.07227e-015 -6.13741e-023 
0.000831536 8.00566e-008 2.675e-011 8.13794e-012 -6.67368e-023 2.2711e-015 -9.98148e-023 
0.000852819 5.02155e-008 2.18032e-011 1.72605e-011 -1.73471e-022 3.06673e-015 -2.86402e-022 
0.000852083 4.98629e-008 2.17934e-011 1.71302e-011 -1.73718e-022 3.03022e-015 -2.81731e-022 
0.000850909 4.85375e-008 2.16662e-011 1.6876e-011 -1.72643e-022 2.95211e-015 -2.72631e-022 
0.000851122 4.45874e-008 2.41103e-011 1.68004e-011 -1.7741e-022 2.76154e-015 -2.87846e-022 
0.000851029 4.49732e-008 2.35031e-011 1.67592e-011 -1.72729e-022 2.78492e-015 -2.8425e-022 
0.000874565 7.55796e-008 2.42833e-011 1.71161e-011 -6.65566e-023 3.83146e-015 -3.42544e-022 
0.000877823 7.87032e-008 2.43137e-011 1.77395e-011 -6.40388e-023 3.89845e-015 -3.62807e-022 
0.000885681 8.25615e-008 2.78505e-011 1.86319e-011 -4.45286e-023 3.8714e-015 -4.22084e-022 
0.00088244 8.9051e-008 2.75507e-011 1.80164e-011 -3.71627e-023 3.95265e-015 -3.99668e-022 
0.00087407 7.68418e-008 2.12733e-011 1.65237e-011 -1.55427e-023 3.99557e-015 -3.09408e-022 
0.000838467 9.8336e-008 2.87466e-011 1.32819e-011 3.58708e-023 3.86337e-015 -2.57036e-022 
0.000833383 8.55346e-008 2.93322e-011 1.29928e-011 -2.56547e-023 3.4098e-015 -2.52345e-022 
0.00084344 1.14703e-007 3.06178e-011 1.29002e-011 8.01422e-023 4.16448e-015 -2.4353e-022 
0.000836574 8.96727e-008 2.93724e-011 1.3335e-011 1.15468e-023 3.63829e-015 -2.6366e-022 
0.000838488 8.80897e-008 3.10111e-011 1.36448e-011 3.17021e-024 3.63376e-015 -2.80662e-022 
0.000830505 8.76574e-008 6.45678e-013 1.27759e-011 1.72303e-023 3.74067e-015 -3.23969e-023 
0.000828544 8.18431e-008 2.31948e-013 1.27049e-011 1.51899e-023 3.58582e-015 -1.56504e-023 
0.000828805 7.50891e-008 3.68521e-013 1.2827e-011 9.84991e-024 3.46703e-015 -2.60906e-023 
0.000824737 8.17435e-008 7.54465e-014 1.20873e-011 1.0255e-023 3.41324e-015 -5.29827e-024 
0.000826452 7.08034e-008 2.92693e-013 1.274e-011 2.27763e-024 3.37634e-015 -2.44959e-023 
0.000820394 1.05402e-007 1.36732e-011 1.0048e-011 2.34115e-023 3.09777e-015 -1.15425e-022 
0.000820832 1.04111e-007 1.38115e-011 1.01901e-011 2.27457e-023 3.12752e-015 -1.1873e-022 
0.00081929 1.07532e-007 1.37181e-011 9.46296e-012 1.13349e-023 2.93133e-015 -1.0722e-022 
0.00082248 1.15231e-007 1.44373e-011 9.72124e-012 4.81027e-023 3.27114e-015 -1.0464e-022 
0.000814892 9.87514e-008 1.40436e-011 9.18222e-012 6.43354e-024 2.78249e-015 -1.04072e-022 
0.000815224 9.45406e-008 1.093e-011 1.00187e-011 3.39317e-023 3.05826e-015 -9.91967e-023 
0.000814901 9.48703e-008 1.09757e-011 1.00291e-011 3.48818e-023 3.06947e-015 -9.9272e-023 
0.000813315 8.85634e-008 9.99486e-012 1.03274e-011 2.476e-023 3.05117e-015 -1.0196e-022 
0.000812491 8.87855e-008 8.23415e-012 1.02063e-011 1.52137e-023 3.02274e-015 -9.232e-023 
0.000812622 8.81491e-008 7.94652e-012 1.03158e-011 1.50933e-023 3.04695e-015 -9.21712e-023 
0.00083001 1.06071e-007 2.32658e-011 1.09935e-011 2.18673e-023 3.54498e-015 -1.74454e-022 
0.000831776 1.0886e-007 2.26195e-011 1.10562e-011 2.62519e-023 3.62961e-015 -1.72862e-022 
0.000832056 1.06076e-007 2.03962e-011 1.09701e-011 1.22485e-023 3.56753e-015 -1.63635e-022 
0.00082997 1.08368e-007 2.31707e-011 1.10491e-011 3.08824e-023 3.61791e-015 -1.74073e-022 
0.000834116 1.01276e-007 1.73819e-011 1.22153e-011 1.28889e-023 3.85908e-015 -1.77527e-022 