0.000856517 2.79451e-007 8.82209e-011 3.70883e-011 2.12145e-021 1.95171e-014 1.42264e-023 
0.000859093 2.92694e-007 7.55953e-011 3.09862e-011 1.49956e-021 1.65185e-014 -1.88478e-023 
0.000862938 3.03548e-007 6.50962e-011 2.66147e-011 1.10742e-021 1.42591e-014 -2.89295e-023 
0.000874414 3.19565e-007 7.47086e-011 3.17115e-011 1.54337e-021 1.75447e-014 -2.08313e-023 
0.000874164 3.20091e-007 6.84537e-011 2.96442e-011 1.33529e-021 1.63811e-014 -1.6258e-023 
0.000866243 2.60232e-007 1.44378e-010 7.1247e-011 7.21172e-021 3.60283e-014 4.5438e-022 
0.000886508 2.99533e-007 1.56887e-010 7.62787e-011 8.33954e-021 4.17194e-014 2.872e-022 
0.000797171 1.59731e-007 9.06271e-011 2.96838e-011 1.50881e-021 1.15618e-014 -3.06414e-022 
0.000798972 1.69684e-007 7.86583e-011 2.68639e-011 1.21337e-021 1.06822e-014 -2.29522e-022 
0.000801745 1.70779e-007 8.57971e-011 2.88403e-011 1.40913e-021 1.15031e-014 -2.69223e-022 
0.000785516 1.42877e-007 7.94061e-011 2.47776e-011 1.07176e-021 9.34662e-015 -2.43353e-022 
0.000902957 3.14968e-007 1.94383e-010 9.70657e-011 1.33211e-020 5.4474e-014 5.64518e-022 
0.000786801 1.45771e-007 7.6744e-011 2.48528e-011 1.05832e-021 9.44214e-015 -2.40896e-022 
0.000810177 2.07358e-007 4.48288e-011 1.881e-011 5.39942e-022 8.22759e-015 -8.25147e-023 
0.000799697 2.04105e-007 3.44173e-011 1.25848e-011 2.59662e-022 5.65501e-015 -3.42577e-023 
0.000803344 2.08092e-007 3.76278e-011 1.3917e-011 3.15936e-022 6.31383e-015 -4.01122e-023 
0.000808969 2.14285e-007 4.28849e-011 1.60565e-011 4.18083e-022 7.3721e-015 -5.22573e-023 
0.000816429 2.34718e-007 3.20714e-011 1.26907e-011 2.54948e-022 6.05882e-015 -2.34909e-023 
0.000773952 1.66772e-007 8.98818e-012 5.78975e-012 4.11082e-023 2.3644e-015 -7.38471e-024 
0.000774833 1.69286e-007 7.93464e-012 5.3466e-012 3.42931e-023 2.19983e-015 -6.05834e-024 
0.000784086 1.85518e-007 7.04924e-012 5.23132e-012 3.16731e-023 2.24318e-015 -2.45105e-024 
0.000783836 1.85138e-007 7.2289e-012 5.28559e-012 3.25646e-023 2.26485e-015 -2.64815e-024 
0.000882129 2.95089e-007 1.52727e-010 7.29507e-011 7.69672e-021 3.95728e-014 2.32048e-022 
0.00078533 1.86977e-007 7.50538e-012 5.48456e-012 3.50911e-023 2.36264e-015 -2.61436e-024 
0.000784298 1.43302e-007 8.51404e-011 3.14082e-011 1.61408e-021 1.18887e-014 -1.80767e-022 
0.000787846 1.47283e-007 8.94864e-011 3.32132e-011 1.80058e-021 1.27452e-014 -1.91113e-022 
0.000790147 1.49667e-007 9.16321e-011 3.42818e-011 1.91078e-021 1.32612e-014 -2.01772e-022 
0.000792485 1.56609e-007 8.64394e-011 3.29786e-011 1.75293e-021 1.30477e-014 -1.65993e-022 
0.000802301 1.68233e-007 9.04173e-011 3.7026e-011 2.13279e-021 1.51528e-014 -2.01903e-022 
0.000764304 1.43422e-007 3.92946e-011 1.10146e-011 2.26147e-022 4.16681e-015 -3.69834e-023 
0.000772057 1.60485e-007 3.3203e-011 1.03114e-011 1.88928e-022 4.12997e-015 -2.66096e-023 
0.000787333 1.83352e-007 3.29121e-011 1.18101e-011 2.30769e-022 5.04698e-015 -3.09945e-023 
0.000786659 1.81395e-007 3.41818e-011 1.21972e-011 2.46744e-022 5.18507e-015 -3.38082e-023 
0.000859046 2.50216e-007 1.36812e-010 6.73855e-011 6.45232e-021 3.31853e-014 4.79466e-022 
0.000797333 1.96628e-007 3.5074e-011 1.36078e-011 2.94868e-022 6.00054e-015 -3.78405e-023 
0.000926218 3.21243e-007 2.5589e-010 1.38177e-010 2.59185e-020 7.68181e-014 1.82187e-021 
0.000927281 3.227e-007 2.55736e-010 1.38151e-010 2.59052e-020 7.69401e-014 1.79702e-021 
0.000932089 3.46311e-007 2.51251e-010 1.30666e-010 2.36406e-020 7.65719e-014 1.28619e-021 
0.000935346 3.4868e-007 2.61576e-010 1.36952e-010 2.5882e-020 8.04946e-014 1.42214e-021 
0.00093817 3.53001e-007 2.66797e-010 1.3926e-010 2.6802e-020 8.23544e-014 1.47925e-021 
0.000869533 2.80258e-007 1.29186e-010 5.84197e-011 5.06951e-021 3.09057e-014 2.38917e-022 
0.000865407 2.84608e-007 1.03474e-010 4.6849e-011 3.25907e-021 2.48813e-014 1.34993e-022 
0.000873788 2.95671e-007 9.77066e-011 4.54851e-011 3.03021e-021 2.44395e-014 1.11345e-022 
0.000872721 2.93525e-007 9.95024e-011 4.61976e-011 3.1299e-021 2.47606e-014 1.19113e-022 
0.000849336 2.53279e-007 1.07715e-010 4.63945e-011 3.27696e-021 2.33401e-014 1.34809e-022 
0.000872984 2.9661e-007 1.21453e-010 5.23664e-011 4.17623e-021 2.8248e-014 4.4455e-025 
0.000872706 3.0462e-007 9.48116e-011 4.0454e-011 2.50485e-021 2.16646e-014 -5.14639e-023 
0.000874215 3.07682e-007 9.1617e-011 3.95593e-011 2.3811e-021 2.12456e-014 -4.69172e-023 
0.000863188 2.92402e-007 9.04517e-011 3.72656e-011 2.16306e-021 1.96852e-014 -4.67365e-023 
0.000839411 2.63205e-007 6.88983e-011 2.56951e-011 1.08018e-021 1.28344e-014 -4.54001e-023 
