0.000917304 2.83825e-007 1.39555e-011 7.6725e-012 0.0292286 
0.000912191 2.68769e-007 2.13903e-011 8.20578e-012 0.028839 
0.000917116 2.76871e-007 2.34166e-011 8.44402e-012 0.0286987 
0.000917304 2.76765e-007 2.79084e-011 8.78409e-012 0.0285172 
0.000924161 3.18411e-007 3.54464e-012 6.77888e-012 0.028117 
0.000928529 2.36769e-007 4.72678e-011 9.6516e-012 0.0285087 
0.000929119 2.3683e-007 4.863e-011 9.73712e-012 0.028593 
0.000929905 2.39624e-007 5.13681e-011 9.80513e-012 0.0284091 
0.000930609 2.39749e-007 4.57265e-011 9.78668e-012 0.0283751 
0.000936589 2.49531e-007 4.63259e-011 1.02537e-011 0.0281377 
0.0009284 3.2472e-007 2.84729e-011 4.75043e-012 0.0298596 
0.000928454 3.25539e-007 2.89822e-011 4.60044e-012 0.0298306 
0.000934305 3.52979e-007 2.88103e-011 3.8204e-012 0.0298146 
0.000933146 3.53001e-007 2.86784e-011 3.67975e-012 0.0301573 
0.000926952 3.32029e-007 2.94767e-011 4.07727e-012 0.0302841 
0.000916412 2.55687e-007 1.86545e-011 9.85563e-012 0.0317961 
0.000915976 2.52364e-007 1.94279e-011 1.00222e-011 0.0317524 
0.000913199 2.55097e-007 2.63236e-011 9.64368e-012 0.0313903 
0.000914077 2.55259e-007 2.64272e-011 9.77804e-012 0.0312353 
0.000913311 2.54358e-007 2.61416e-011 9.77706e-012 0.0319357 
0.000922228 2.71608e-007 3.59342e-011 7.43939e-012 0.0271102 
0.000928173 2.66702e-007 4.31104e-011 8.14967e-012 0.0268228 
0.00092902 2.65665e-007 4.88513e-011 8.23696e-012 0.0263936 
0.000930037 2.68408e-007 5.16693e-011 8.2517e-012 0.0263609 
0.000928221 2.82299e-007 2.70598e-011 6.09824e-012 0.0255816 
0.000886732 2.40394e-007 2.65496e-011 6.29034e-012 0.0248949 
0.00088751 2.43194e-007 2.89047e-011 6.49145e-012 0.0248182 
0.000882297 2.45867e-007 1.71908e-011 5.4133e-012 0.0249678 
0.000893726 2.52547e-007 2.58025e-011 6.96607e-012 0.0253365 
0.000870481 2.38768e-007 1.65489e-011 4.44719e-012 0.0249875 
0.000884235 3.12849e-007 3.26726e-012 4.75757e-012 0.0258034 
0.000888561 3.1966e-007 4.1253e-012 4.32929e-012 0.0255123 
0.000898253 3.37139e-007 9.45079e-012 4.16528e-012 0.0253345 
0.000871158 3.01779e-007 1.12201e-012 4.66996e-012 0.0243357 
0.000871858 3.002e-007 6.66082e-013 4.60714e-012 0.0248322 
0.000859757 2.44596e-007 2.8824e-012 4.24611e-012 0.0278306 
0.00087848 2.31637e-007 1.50194e-011 7.63472e-012 0.0280319 
0.000881049 2.31899e-007 1.82746e-011 8.25245e-012 0.0279073 
0.000881813 2.32433e-007 2.09974e-011 8.44813e-012 0.0278249 
0.00088017 2.36115e-007 2.33748e-011 8.07426e-012 0.0272087 
0.000866258 1.90999e-007 1.40252e-011 9.20715e-012 0.0263102 
0.000875368 2.01742e-007 2.33533e-011 9.227e-012 0.02665 
0.000849313 1.74104e-007 7.9164e-012 8.56854e-012 0.0265983 
0.00087076 1.83824e-007 1.74227e-011 1.13517e-011 0.0271292 
0.000874736 1.84896e-007 2.11924e-011 1.17981e-011 0.0269637 
0.000894287 2.95805e-007 5.45819e-012 5.09711e-012 0.0243696 
0.000895918 2.9901e-007 5.58604e-012 5.11702e-012 0.0238707 
0.000897367 3.01609e-007 7.15172e-012 5.31065e-012 0.0236117 
0.00089905 3.06354e-007 3.96327e-012 5.06852e-012 0.0240063 
0.00089952 3.05661e-007 7.63348e-012 5.47135e-012 0.0231553 