0.0287164 1.35371 1.30573 1.80127 2.69072 3.56438 2.72723 1.71615 2.15206 3.14053 3.18768 2.18096 1.63779 2.6907 3.217 2.18646 1.42998 2.60635 2.17904 1.17905 
0.0284132 1.30009 1.29827 1.81851 2.69673 3.56977 2.73867 1.7361 2.11527 3.09352 3.15645 2.16345 1.61957 2.65842 3.12158 2.11672 1.54262 2.70276 2.01464 1.12735 
0.0283182 1.53217 1.47489 1.95766 2.87995 3.82099 2.94334 1.8728 2.11088 3.17093 3.42163 2.3343 1.5167 2.65014 3.33352 2.23146 1.41499 2.70195 2.09605 1.10103 
0.0283605 1.48374 1.44884 1.99423 2.89679 3.82319 2.93332 1.88618 2.03616 3.06403 3.48447 2.42687 1.38067 2.45586 3.39425 2.38929 1.33188 2.46035 2.28715 1.22313 
0.0274309 1.24873 1.16669 1.43634 2.18716 2.96526 2.76212 1.90576 1.46884 2.30695 3.15131 2.66691 1.82975 2.72451 2.79863 1.91462 1.68376 2.597 1.77248 0.977021 
0.0284818 1.13257 1.10577 1.6272 2.44386 3.05915 2.14858 1.21173 1.99433 2.88229 2.51581 1.61753 1.60445 2.56911 2.56968 1.64931 1.23968 2.3798 2.00602 1.09629 
0.0285513 1.16513 1.1518 1.65609 2.47373 3.20922 2.32555 1.39585 1.97047 2.87215 2.72552 1.81014 1.52666 2.51956 2.80115 1.84458 1.12507 2.29031 2.23011 1.20274 
0.0281917 1.14034 1.09069 1.56772 2.36732 3.12011 2.28787 1.37467 1.85498 2.73868 2.66973 1.77313 1.41938 2.38851 2.71915 1.79231 1.08346 2.22523 2.12903 1.15684 
0.0284004 1.20204 1.14289 1.63247 2.4625 3.19407 2.29992 1.35851 1.97085 2.88574 2.69565 1.76619 1.55329 2.55988 2.77241 1.80683 1.13723 2.32153 2.19847 1.17975 
0.0280367 1.20992 1.41947 2.07608 3.00881 3.82938 2.87123 1.83955 2.40029 3.40407 3.37 2.34892 1.84301 2.92382 3.40933 2.35196 1.33652 2.5629 2.64399 1.43536 
0.0287431 1.12336 1.0123 1.40535 2.12017 2.91553 2.41967 1.55624 1.45225 2.28539 2.84357 1.98863 1.39763 2.28335 2.47379 1.64143 1.3902 2.32463 1.67287 1.10944 
0.0283847 1.12106 1.01246 1.37882 2.05508 2.82015 2.49122 1.66586 1.295 2.09698 2.86701 2.18147 1.43704 2.29304 2.42679 1.62132 1.31628 2.26081 1.71994 1.09908 
0.0282134 1.19088 0.994815 1.36664 2.13578 2.97924 2.99127 2.0745 1.29651 2.18686 3.09487 2.64382 1.7409 2.46877 2.82428 1.95646 1.55117 2.55209 1.91487 1.30529 
0.0282117 1.19047 1.02091 1.40833 2.18288 3.02642 3.10194 2.18544 1.41837 2.2997 3.20681 2.68646 1.78615 2.51861 2.91818 2.05494 1.52899 2.55786 2.06235 1.36865 
0.0285441 1.07751 1.00719 1.39851 2.11272 2.89982 2.69483 1.8548 1.35813 2.17735 2.98532 2.31438 1.58523 2.45525 2.498 1.67924 1.49448 2.40375 1.75365 1.15623 
0.0308442 1.31589 1.50379 2.17608 3.13263 3.76985 2.70866 1.70392 2.70312 3.73246 3.19922 2.14936 2.16543 3.2363 3.17954 2.12995 1.55615 2.80314 2.48748 1.35708 
0.0308489 1.32332 1.50843 2.19263 3.14209 3.76808 2.70012 1.71485 2.71659 3.7431 3.1854 2.13598 2.17689 3.24718 3.15071 2.10133 1.5446 2.80419 2.45839 1.3242 
0.0327226 1.81335 1.65275 1.31216 1.53141 2.42027 3.36159 2.35744 1.23859 2.20405 3.2751 2.52116 1.42646 1.9844 3.06098 2.19787 1.13039 1.96341 2.39388 1.33376 
0.0330098 1.82392 1.93628 1.46337 1.50094 2.39699 3.43233 2.56218 1.39118 2.18267 3.32851 2.66135 1.49116 1.9962 3.15948 2.24922 1.10913 2.06907 2.42461 1.30077 
0.03283 1.88158 1.89296 1.43491 1.49839 2.38324 3.39543 2.55923 1.405 2.12424 3.2488 2.6972 1.54646 1.90706 3.07834 2.32471 1.19052 1.92853 2.507 1.38132 
0.0266942 1.13717 1.33963 2.02306 2.90024 3.48713 2.52559 1.53572 2.39875 3.32246 2.84917 1.90548 1.9867 2.96612 2.77619 1.81988 1.64686 2.70992 2.06733 1.18753 
0.0261341 1.02514 1.1028 1.80493 2.71964 3.38766 2.39899 1.39303 2.19284 3.16048 2.91007 1.94259 1.73021 2.76583 2.92212 1.94738 1.47991 2.59664 2.26298 1.35267 
0.0257258 1.04146 1.0705 1.70896 2.58356 3.27789 2.33561 1.37014 2.02414 2.95373 2.83298 1.89714 1.56085 2.55337 2.81506 1.87604 1.34654 2.43074 2.157 1.27301 
0.0256764 1.03803 1.06005 1.69162 2.5393 3.14857 2.21872 1.27944 1.94728 2.8468 2.72422 1.81769 1.44381 2.40449 2.74367 1.84035 1.1867 2.23296 2.13966 1.25537 
0.0254474 1.11619 1.1255 1.65565 2.46577 3.12757 2.24549 1.33346 2.11399 2.989 2.55076 1.65671 1.82143 2.76545 2.56051 1.64392 1.40622 2.48755 2.04235 1.12475 
0.0251294 1.33815 1.50022 2.11841 3.00598 3.90077 3.13741 2.12698 2.67693 3.6201 3.19217 2.22134 2.34969 3.32297 3.01686 2.06683 2.08466 3.08835 2.2006 1.25819 
0.0249576 1.30388 1.45902 2.05585 2.93502 3.83197 3.10786 2.10238 2.61648 3.55419 3.11122 2.14698 2.35991 3.32162 2.85549 1.91144 2.19071 2.94607 1.99472 1.14114 
0.0251912 1.20954 1.39229 1.94281 2.79384 3.64358 2.94695 1.99278 2.59004 3.4826 2.99405 2.07927 2.39262 3.31196 2.83823 1.93308 2.17596 2.99951 2.10094 1.25359 
0.0252448 1.00474 1.08657 1.67237 2.56288 3.45894 2.91096 1.94977 2.29916 3.22888 3.12811 2.20538 2.02419 2.98572 3.05441 2.16466 1.81556 2.93425 2.33112 1.43204 
0.0252842 1.38077 1.3867 1.72372 2.50158 3.32041 2.84795 1.9214 2.28489 3.16228 2.72643 1.82041 2.15483 3.07557 2.47095 1.56564 2.09802 2.63996 1.72372 1.02684 
0.024855 1.0357 1.13529 1.65899 2.53045 3.43717 3.31236 2.35702 2.03073 2.9807 3.88131 3.08226 2.1369 2.47331 3.42928 3.1136 2.26517 3.02794 2.23332 1.53158 
0.0241782 1.64355 1.47788 1.56285 2.24327 3.06105 3.15753 2.22851 1.52598 2.41001 3.33138 2.80849 1.85715 2.11896 3.07215 2.43249 1.86024 2.29916 1.49587 0.985457 
0.0235653 1.54111 1.38138 1.44403 2.10134 2.88892 3.34569 2.42603 1.51741 2.1985 3.07935 2.94478 2.03609 1.95419 2.86303 2.49484 1.8827 2.17929 1.43537 0.984899 
0.0238672 1.01512 1.17027 1.5019 2.25203 3.04819 3.26242 2.42733 1.77107 2.60342 3.44416 3.2836 2.4506 3.00496 3.36951 2.5713 2.57957 2.69191 1.95837 1.41919 
0.0243976 1.00246 1.16761 1.56115 2.29381 3.06501 3.14562 2.33532 1.80204 2.60956 3.42741 3.16625 2.35372 2.89326 3.33983 2.56808 2.42536 2.72117 1.99749 1.41384 
0.0265649 1.00286 1.14884 1.65718 2.44286 3.25036 3.02164 2.15936 1.91496 2.76935 3.44783 2.61594 1.75866 2.50326 3.35202 2.70718 2.22534 2.88707 2.10832 1.41831 
0.0271025 1.08244 1.00507 1.63486 2.5331 3.44675 2.71639 1.73335 2.15763 3.12079 3.16484 2.2193 1.76395 2.77102 3.24846 2.34495 1.58132 2.70427 2.56807 1.67958 
0.0268507 1.12792 1.00481 1.5747 2.47321 3.39575 2.72861 1.73911 2.05335 3.0194 3.15786 2.20708 1.67987 2.68635 3.18499 2.28716 1.5543 2.68328 2.48296 1.60345 
0.0268964 1.08334 0.991022 1.61296 2.51645 3.42792 2.728 1.74614 2.17187 3.13081 3.07721 2.13571 1.80451 2.80022 3.07059 2.17681 1.7157 2.83039 2.35916 1.52815 
0.026618 1.4519 1.40129 1.83957 2.6609 3.53948 2.96963 2.00724 2.16008 3.08948 3.16408 2.20696 1.63398 2.62142 2.97692 2.04764 1.38363 2.51698 2.0633 1.15023 
0.0268061 1.00827 1.07376 1.4655 2.28285 3.0292 2.25274 1.42273 2.23402 3.04546 2.4996 1.698 2.01034 2.84121 2.58942 1.81066 1.81135 2.74341 2.03986 1.32562 
0.0271688 1 1.07246 1.52799 2.35707 3.17324 2.50539 1.61158 2.23094 3.05881 2.71364 1.90023 1.94679 2.79905 2.7982 2.01269 1.71976 2.73251 2.21187 1.41688 
0.0270596 1.00493 1.16048 1.41574 2.14752 2.83323 2.18893 1.41888 2.11909 2.85538 2.3876 1.65513 1.92991 2.70007 2.49736 1.76141 1.65153 2.5625 2.00284 1.26017 
0.0275673 1.17222 1.21236 1.45967 2.20437 2.96098 2.42648 1.60573 1.88877 2.67226 2.73044 1.94192 1.44809 2.2946 2.80597 2.03653 1.23421 2.10324 2.2267 1.35138 
0.0275336 1.42046 1.43031 1.6839 2.49569 3.32891 2.74354 1.83842 2.05499 2.92786 3.05977 2.17415 1.50043 2.4609 3.08094 2.21579 1.28009 2.22876 2.35297 1.33506 
0.0242802 1.22368 1.24081 1.66129 2.44899 3.28613 2.69225 1.77243 2.02517 2.91909 2.92992 2.0102 1.70836 2.65279 2.74676 1.84071 1.68363 2.62097 1.78906 1.0551 
0.0240762 1.24358 1.21232 1.63976 2.4072 3.2351 2.60119 1.68981 1.95174 2.83797 2.86446 1.94982 1.60665 2.5437 2.70294 1.80278 1.55403 2.53205 1.77895 1.0431 
0.0236105 1.26959 1.21765 1.65363 2.42863 3.26636 2.61947 1.69618 1.96404 2.85985 2.84309 1.91706 1.62158 2.568 2.62911 1.72694 1.60513 2.50715 1.68649 1.01544 
0.0240771 1.33621 1.26845 1.72283 2.53161 3.37145 2.55924 1.60994 2.12217 3.04793 2.84364 1.88629 1.74221 2.72287 2.73617 1.78931 1.65699 2.62772 1.77821 1.03463 
0.023326 1.14514 1.31043 1.8917 2.69271 3.54115 2.89809 1.97491 2.20172 3.09433 3.18094 2.26447 1.81887 2.7497 3.0012 2.10292 1.68515 2.6974 2.05065 1.20422 
