0.0182342 1.07695 1.03019 1.00043 0.992443 1.04609 1.15179 1.30441 1.47052 1.58411 1.49154 1.44082 1.35749 1.28739 1.1053 1.0592 1.14944 1.0726 1.02967 1.09279 
0.0185543 1.07462 1.03025 1.00228 1.00789 1.08784 1.21815 1.36905 1.54317 1.61572 1.5712 1.4328 1.42163 1.25891 1.11936 1.11213 1.15846 1.08101 1.06182 1.1423 
0.0185086 1.07035 1.02791 1 1.01575 1.08537 1.21539 1.3735 1.54598 1.63046 1.57354 1.45201 1.42662 1.2683 1.12716 1.10709 1.16241 1.08008 1.05532 1.13063 
0.0185018 1.06331 1.02833 1.00676 1.02209 1.09524 1.24017 1.36157 1.52924 1.56237 1.51774 1.38255 1.36975 1.21638 1.06986 1.06422 1.11696 1.03249 1.01419 1.09265 
0.0182504 1.06257 1.02122 1.00166 1.00886 1.09105 1.17459 1.31368 1.48059 1.56444 1.46999 1.42484 1.34738 1.30081 1.11385 1.02604 1.12563 1.05669 1.0018 1.05113 
0.0145569 1.31275 1.14372 1.05321 1.00384 1.07492 1.17994 1.36828 1.57051 1.56683 1.5271 1.41025 1.59553 1.37966 1.12441 1.09708 1.23283 1.21963 1.24816 1.35467 
0.0145372 1.35985 1.17175 1.06049 1.00517 1.04942 1.12742 1.33844 1.54872 1.62113 1.5648 1.34506 1.62426 1.46531 1.2178 1.1053 1.25519 1.24311 1.2646 1.35853 
0.0144725 1.30922 1.14418 1.04364 1.00659 1.0751 1.15888 1.36918 1.58899 1.57375 1.54402 1.30223 1.56917 1.4374 1.18249 1.08985 1.1734 1.20517 1.22683 1.33759 
0.0145305 1.38544 1.18351 1.08252 1.00633 1.03925 1.1246 1.33149 1.52916 1.62863 1.58125 1.41186 1.63837 1.43619 1.19144 1.12399 1.28777 1.25803 1.27877 1.37367 
0.0143972 1.34397 1.15905 1.06059 1.00667 1.06698 1.12947 1.33824 1.55695 1.59984 1.53786 1.29493 1.56665 1.44025 1.18608 1.07487 1.18909 1.20581 1.22054 1.32569 
0.0184041 1.49999 1.21498 1.02451 1.01393 0.999174 1.10411 1.30007 1.4408 1.60954 1.65759 1.51237 1.56514 1.32351 1.11452 1.14077 1.17029 1.09214 1.1221 1.25244 
0.0184857 1.27179 1.04055 1.02537 0.995645 1.03562 1.19986 1.3646 1.49231 1.62633 1.6288 1.49889 1.52905 1.27434 1.09937 1.13869 1.16013 1.09133 1.10789 1.21607 
0.0184022 1.25984 1.04256 1.04296 1.01056 1.05807 1.18049 1.35584 1.49492 1.61365 1.59417 1.41638 1.52006 1.28147 1.06996 1.0754 1.14371 1.07157 1.09706 1.19712 
0.0183773 1.29425 1.05005 1.05617 1.00735 1.02807 1.15646 1.32095 1.45776 1.59526 1.58631 1.40312 1.49854 1.2877 1.07023 1.03656 1.14381 1.07638 1.08554 1.18855 
0.0183 1.315 1.07887 1.06947 1.03154 1.04018 1.16219 1.33469 1.47564 1.60016 1.5768 1.37983 1.49792 1.26958 1.04796 1.06443 1.12784 1.0815 1.12789 1.24126 
0.0193143 1.23062 1.25824 1.3186 1.39132 1.57169 1.83087 2.09506 2.25139 2.42274 2.55734 2.4624 2.31515 1.97718 1.70339 1.55488 1.28819 1.04624 0.914955 0.904685 
0.0194024 1.00834 1.04575 1.09988 1.17014 1.35208 1.5726 1.75622 1.87718 2.02288 2.06598 2.03117 1.81772 1.54455 1.37384 1.21532 0.994569 0.82247 0.734074 0.759204 
0.018964 1 1.03107 1.08652 1.14513 1.28158 1.46815 1.64441 1.76775 1.88887 1.95582 1.86925 1.83087 1.55666 1.31749 1.17373 0.992511 0.810783 0.694687 0.678781 
0.0184707 1.16945 1.1857 1.24055 1.31921 1.46974 1.6911 1.88714 2.00943 2.13004 2.13757 2.07614 1.9025 1.58918 1.33044 1.1585 0.957283 0.791129 0.740233 0.826178 
0.0183544 1.16451 1.17984 1.23571 1.30504 1.42641 1.64083 1.83937 1.96962 2.10604 2.12794 2.04208 1.9083 1.59713 1.33133 1.16195 0.964423 0.791929 0.728529 0.800576 
0.0175557 1.51432 1.29435 1.14011 1.03297 1.0116 1.21226 1.37742 1.5336 1.6947 1.70844 1.57866 1.62987 1.37635 1.20997 1.21287 1.20859 1.2094 1.31671 1.49937 
0.0172575 1.46958 1.26287 1.1357 1.02537 1.01689 1.14958 1.29348 1.41719 1.56368 1.53651 1.38114 1.46519 1.22501 1.0335 1.03658 1.09034 1.08909 1.20885 1.38915 
0.0168857 1.45221 1.25956 1.12954 1.03187 1.04882 1.14756 1.3077 1.44952 1.59122 1.51738 1.36408 1.46013 1.21552 1.02074 1.04083 1.06966 1.10272 1.22723 1.40517 
0.0165269 1.11473 1.02741 1.02077 1.06042 1.19026 1.376 1.58299 1.74672 1.92998 1.85238 1.71992 1.75292 1.53598 1.29115 1.16501 1.14138 1.02224 1.00502 1.07768 
0.0168069 1.48201 1.28248 1.16226 1.06002 1.01716 1.15878 1.29398 1.41083 1.53533 1.50752 1.35942 1.37742 1.14784 1.00028 1.02029 1.04608 1.05055 1.17674 1.37083 
0.0179647 1.17508 1.12478 1.16912 1.35602 1.46159 1.62513 1.87032 2.07344 2.3937 2.13284 1.91518 1.65926 1.70867 1.48987 1.43321 1.31525 1.20639 1.06272 0.999301 
0.0182318 1.39447 1.24165 1.20232 1.25722 1.25546 1.35081 1.54707 1.70798 2.00824 1.70611 1.50078 1.22748 1.30945 1.14594 1.10914 1.12174 1.04241 1.05924 1.14509 
0.0181418 1.4782 1.33071 1.29138 1.34928 1.31474 1.41748 1.60673 1.77095 2.06787 1.76096 1.52932 1.26771 1.29861 1.09563 1.14389 1.08933 1.08734 1.05869 1.14591 
0.0181229 1.48207 1.32579 1.26673 1.31529 1.30317 1.37918 1.5618 1.71659 2.01318 1.79433 1.51473 1.30525 1.2958 1.10491 1.15817 1.05062 1.09091 1.01535 1.11377 
0.0176768 1.25677 1.22076 1.27283 1.43332 1.55563 1.69232 1.94457 2.14425 2.46312 2.21071 1.98047 1.70196 1.7054 1.51076 1.40355 1.31885 1.21152 1.09724 0.997458 
0.0149271 1.17913 1.05138 1.00211 1.0504 1.08786 1.1132 1.26652 1.43214 1.54791 1.3144 1.26296 1.18824 1.1747 1.03938 1.17747 1.138 1.13346 1.1231 1.20588 
0.0148853 1.19094 1.06033 1.00676 1.04243 1.09035 1.11042 1.26489 1.42126 1.56887 1.32016 1.24611 1.2218 1.16577 1.07113 1.17456 1.15613 1.13138 1.12249 1.19194 
0.0149591 1.16696 1.04091 1.00565 1.05194 1.12869 1.12964 1.2823 1.44048 1.56136 1.3687 1.36076 1.25826 1.25845 1.11538 1.24099 1.20182 1.16144 1.14038 1.19776 
0.0156588 1.26766 1.0912 1.00408 1.07215 1.05349 1.1836 1.41474 1.78164 1.59473 1.21829 1.24814 1.24814 1.06589 1.16736 1.07215 1.19766 1.13372 1.18266 1.2797 
0.0154918 1.27097 1.09875 1.00568 1.06529 1.06423 1.12823 1.32571 1.6228 1.58878 1.24835 1.16774 1.24178 1.05805 1.12105 1.11319 1.17232 1.13306 1.16332 1.27432 
0.019539 1.17999 1.08415 1.09761 1.22283 1.21714 1.33208 1.47927 1.67878 1.68385 1.38229 1.22495 1.2733 1.08786 1.13813 1.04314 1.07583 1.02733 1.08954 1.15641 
0.0194679 1.10941 1.00595 1.03669 1.16541 1.16711 1.30032 1.44421 1.67291 1.60397 1.42181 1.32816 1.32045 1.25343 1.1604 1.16816 1.11304 1.05769 1.09975 1.17474 
0.0201274 1.60926 1.36148 1.30012 1.30192 1.1992 1.20229 1.3111 1.4444 1.53374 1.19652 1.02529 1.14784 1.02424 1.12106 1.15119 1.26964 1.2748 1.45302 1.66392 
0.0200381 1.21595 1.01173 1.04287 1.19448 1.24655 1.3701 1.59368 1.80559 1.9624 1.62901 1.49846 1.60364 1.44366 1.4547 1.41527 1.35743 1.27066 1.31417 1.44509 
0.0199604 1.14703 1.02157 1.05478 1.19723 1.23006 1.33609 1.51775 1.70845 1.82511 1.53396 1.38363 1.47644 1.28339 1.37348 1.23452 1.29463 1.19467 1.21334 1.29516 
0.0193197 1.09941 1.10808 1.19094 1.36444 1.41899 1.57751 1.76932 1.90564 2.15907 1.93404 1.65835 1.43694 1.34194 1.23648 1.09261 1.08382 1.06183 1.07752 0.998998 
0.0190625 1.10196 1.09869 1.17242 1.35619 1.42459 1.56591 1.76237 1.90564 2.16766 1.91593 1.65209 1.44476 1.29101 1.2332 1.04926 1.09704 1.06028 1.02077 1.0032 
0.0192105 1.01608 1.01494 1.1277 1.25998 1.35775 1.5209 1.69732 1.85255 2.07455 1.77648 1.56702 1.36902 1.24515 1.21318 1.0479 1.10069 1.04577 1.02278 0.998327 
0.0189844 1.02963 1.01071 1.08162 1.24501 1.33701 1.47255 1.6761 1.81303 2.06008 1.85353 1.5813 1.36245 1.31009 1.22188 1.07891 1.09835 1.0524 1.04674 1.00125 
0.0189931 1.03684 1.0081 1.08717 1.23691 1.32142 1.48622 1.6671 1.81597 2.06367 1.76642 1.54012 1.34238 1.22909 1.20013 1.03164 1.09071 1.0304 1.0159 0.997103 
0.0156501 1.30784 1.17829 1.10632 1.15923 1.17727 1.2456 1.43395 1.59267 1.86895 1.59352 1.34528 1.24075 1.05692 1.04792 1.10192 1.20812 1.28678 1.28142 1.37159 
0.0156638 1.03573 1.00383 1.04115 1.22412 1.3127 1.46574 1.70063 1.89367 2.17771 1.90076 1.67299 1.56378 1.36137 1.35145 1.29051 1.32246 1.28144 1.20051 1.20123 
0.0155456 1.03479 1.00074 1.03961 1.2253 1.30856 1.45677 1.69368 1.88175 2.17815 1.92768 1.68452 1.56897 1.39351 1.38308 1.28356 1.3226 1.26599 1.21343 1.19027 
0.0155426 1.32746 1.19603 1.13114 1.22018 1.20747 1.29595 1.48053 1.63314 1.87272 1.54713 1.33135 1.22468 1.02097 1.08857 1.07962 1.21407 1.25031 1.27685 1.35912 
0.0154376 1.04653 0.99889 1.02877 1.21084 1.27399 1.41711 1.63594 1.81526 2.09809 1.82592 1.58834 1.45546 1.30376 1.289 1.16974 1.23787 1.19184 1.14824 1.1463 
