0.0185855 1.24759 1.17552 1.2914 1.49296 1.57524 1.90591 2.30772 2.73574 3.16407 3.23667 2.7688 2.30466 2.26832 1.84335 1.66416 1.42381 1.30191 1.09539 0.993988 
0.0183355 1.22828 1.11842 1.20784 1.42349 1.58441 1.92897 2.34131 2.77851 3.21625 3.10207 2.62478 2.14745 2.25452 1.8434 1.58079 1.47259 1.21272 1.04539 1.00413 
0.0184302 1.18951 1.08236 1.17441 1.39842 1.64989 2.00048 2.41759 2.85656 3.29736 3.11846 2.63641 2.15698 2.25896 2.02458 1.68179 1.51539 1.29961 1.08202 1.00435 
0.0183681 1.27648 1.13815 1.17608 1.36066 1.59742 1.94592 2.36385 2.80842 3.26081 3.10651 2.61375 2.1255 2.15028 1.94217 1.59553 1.41996 1.22438 1.04488 1.01985 
0.0182881 1.20059 1.04407 1.09338 1.28204 1.51949 1.8475 2.25325 2.68339 3.11965 3.03152 2.55528 2.08526 1.98118 1.99659 1.60967 1.36109 1.25482 1.03049 1.00185 
0.0182824 1.37759 1.1311 1.09228 1.04587 1.05009 1.20448 1.5862 2.0319 2.48439 2.91032 2.59746 2.12643 1.65607 1.3213 1.19259 1.20698 1.32809 1.4063 1.51845 
0.0185118 1.39006 1.28664 1.3835 1.43957 1.48011 1.75479 2.17308 2.61298 3.06628 3.34796 2.89468 2.41091 1.92592 1.71764 1.39966 1.13732 1.17247 1.04466 1.01679 
0.0196987 1.24047 1.41717 1.2976 1.30314 1.27491 1.60013 1.98741 2.39319 2.81164 3.12178 2.72758 2.28404 1.99041 1.79696 1.73031 1.67384 1.38833 1.11048 1.01061 
0.0196935 1.48601 1.52436 1.28452 1.11491 1.05561 1.31188 1.67348 2.0657 2.4749 2.70792 2.27328 1.83267 1.61662 1.43111 1.39012 1.39063 1.14486 1.01036 1.06275 
0.0196344 1.21019 1.38813 1.26892 1.24109 1.30384 1.62871 2.01517 2.4246 2.84077 3.11344 2.7008 2.25755 1.99566 1.8284 1.75736 1.68872 1.39273 1.11701 1.00804 
0.0196799 1.04493 1.24043 1.21685 1.29827 1.10015 1.37579 1.74344 2.12421 2.51498 2.86753 2.59698 2.18681 1.93124 1.72877 1.56475 1.5584 1.26582 1.07168 0.996357 
0.0182377 1.21972 1.02286 1.08356 1.0436 1.20243 1.54928 2.0062 2.47819 2.95106 3.24852 2.79051 2.29644 1.80201 1.57761 1.38176 1.24509 1.41125 1.38122 1.40035 
0.019546 1.02395 1.22083 1.17961 1.25256 1.07368 1.35058 1.71193 2.08537 2.46817 2.82917 2.5782 2.17629 1.89382 1.66589 1.60718 1.58919 1.30296 1.08421 0.988399 
0.0171906 1.04312 1.21037 1.16609 1.2138 1.41177 1.77483 2.15577 2.54956 2.93085 2.80023 2.38126 1.95733 2.04098 1.89913 1.64121 1.52733 1.18664 0.993151 0.911279 
0.017059 1.00252 1.18837 1.33346 1.3408 1.52405 1.86556 2.2414 2.63417 3.02518 3.17372 2.74243 2.34292 2.13031 2.10003 1.94235 1.62875 1.30043 1.08702 0.985141 
0.0168536 1.01347 1.09991 1.26985 1.23092 1.38854 1.71255 2.08152 2.46688 2.85514 2.9952 2.56825 2.18674 1.95948 1.92973 1.79911 1.46698 1.16105 0.992308 0.941817 
0.0170112 1.01326 1.11735 1.20981 1.17203 1.33417 1.65544 2.01178 2.38806 2.76717 2.91391 2.4959 2.08792 1.89913 1.87634 1.7141 1.43777 1.13652 0.965895 0.916748 
0.0177975 1.08714 1.09642 1.15044 1.08947 1.28072 1.58934 1.94709 2.33148 2.71415 2.79568 2.37057 2 1.79864 1.72101 1.64293 1.32036 1.07867 0.99797 1.04654 
0.0206634 1.15703 1.0334 1.13099 1.01077 1.07019 1.08976 1.43933 1.81698 2.19557 2.27484 1.86753 1.47655 1.42781 1.43349 1.41256 1.25961 1.09918 1.109 1.22332 
0.0208854 1.07457 1.03703 1.1069 1.01753 1.11029 1.17034 1.5101 1.87981 2.24932 2.25722 1.86228 1.49904 1.45601 1.45916 1.41985 1.27883 1.10142 1.09362 1.18729 
0.0207657 1.18435 1.01284 1.11623 1.04895 1.09152 1.23669 1.60655 1.99658 2.38649 2.307 1.8842 1.55299 1.528 1.501 1.49866 1.2962 1.14409 1.16474 1.28481 
0.0209795 1.12419 0.9966 1.11355 1.02545 1.11396 1.27116 1.63374 2.02157 2.40142 2.3064 1.8932 1.56251 1.52178 1.51629 1.50792 1.312 1.15069 1.16243 1.26767 
0.0195354 1.18176 1.14164 1.32746 1.45095 1.57061 1.88266 2.30441 2.74218 3.18052 3.43095 2.98889 2.51868 2.04888 1.87587 1.57981 1.32304 1.30632 1.1279 0.998951 
0.0210315 1.12444 1.00816 1.12309 1.03423 1.11509 1.2857 1.65348 2.04582 2.43009 2.3359 1.91877 1.57589 1.54549 1.53908 1.52229 1.34443 1.16678 1.17079 1.2699 
0.0212924 1.02263 1.04124 1.14395 1.07538 1.11495 1.22293 1.56841 1.92095 2.27982 2.54623 2.20071 1.82586 1.48213 1.40159 1.38811 1.12956 1.12052 1.0188 1.02459 
0.0211695 1.0201 1.02967 1.13387 1.05916 1.1057 1.18822 1.52982 1.87897 2.2366 2.52919 2.22051 1.84831 1.47174 1.39994 1.37353 1.12655 1.11185 1.01092 1.02588 
0.020945 1.051 1.01644 1.14369 1.062 1.10293 1.16666 1.51892 1.88259 2.25237 2.55623 2.24341 1.85794 1.47748 1.40509 1.37439 1.12332 1.12192 1.02554 1.04367 
0.0212921 1.03277 1.05541 1.13964 1.05165 1.09622 1.32712 1.67673 2.03813 2.40047 2.48985 2.10301 1.71707 1.49825 1.33694 1.36136 1.1212 1.11513 1.02082 1.03277 
0.021688 1.04505 1.0326 1.11936 1.01731 1.09442 1.43929 1.81887 2.21264 2.59872 2.40418 1.98968 1.57507 1.53534 1.36438 1.41131 1.18172 1.1604 1.05216 1.09377 
0.0177458 1.11923 1.2802 1.28623 1.33441 1.34988 1.57323 1.93304 2.31756 2.6988 2.79823 2.3832 1.96915 1.98404 1.83967 1.68982 1.41088 1.1464 1.01672 1.00269 
0.0178099 1.02616 1.08918 1.22476 1.20071 1.3409 1.53783 1.88445 2.25527 2.62418 2.6725 2.27261 1.88481 1.91862 1.78803 1.6559 1.35948 1.11071 0.977196 0.971038 
0.0179382 1.02649 1.07875 1.18154 1.14082 1.28363 1.57367 1.91731 2.28657 2.65516 2.67048 2.26861 1.86967 1.95555 1.79397 1.65974 1.38371 1.12215 0.995102 0.969263 
0.0178977 1.02256 1.06632 1.13971 1.09093 1.21643 1.4911 1.82718 2.18429 2.54094 2.56497 2.17605 1.78993 1.86514 1.71619 1.57442 1.34233 1.09396 0.960134 0.938704 
0.0192634 1.16336 1.187 1.38515 1.56557 1.67192 1.87946 2.11809 2.53607 2.96576 3.38577 3.24741 2.79792 2.34683 1.91936 1.59014 1.31789 1.23575 1.11967 0.986165 
0.0181662 1.0405 1.05996 1.14525 1.07481 1.23332 1.53449 1.87883 2.24659 2.61721 2.58095 2.1789 1.78061 1.89651 1.73059 1.56419 1.40484 1.11552 0.971594 0.948576 
0.0193285 1.35905 1.24426 1.29639 1.4568 1.47645 1.61129 1.92405 2.36492 2.81672 3.25141 3.12379 2.65572 2.17946 1.70678 1.23652 1.02116 1.10798 1.02591 1.05789 
0.019507 1.27719 1.24035 1.43715 1.4332 1.56385 1.6616 2.03061 2.44678 2.87832 3.28639 3.16741 2.72535 2.27518 1.82716 1.3586 1.08354 1.10482 1.026 1.00784 
0.0193357 1.2079 1.14803 1.30799 1.37754 1.45452 1.64992 2.04573 2.45948 2.88068 3.28024 3.07079 2.63244 2.18508 1.76622 1.34576 1.07729 1.11631 1.03655 1.00104 
0.0192486 1.25361 1.17677 1.31093 1.4019 1.45375 1.6324 2.02072 2.43812 2.86623 3.27765 3.1582 2.7146 2.26387 1.83113 1.35824 1.10699 1.12413 1.04543 1.00625 
0.0194199 1.29079 1.23948 1.42538 1.40063 1.52848 1.74836 2.15618 2.58524 3.01503 3.39452 3.07916 2.62474 2.165 1.71217 1.30978 1.0266 1.10226 1.04669 1.02911 
0.0201796 1.16893 1.05888 1.15857 1.17284 1.366 1.67093 2.06378 2.47011 2.87705 2.6913 2.24788 1.80404 1.73215 1.40594 1.25151 1.15736 1.09503 1.01139 1.04859 
0.0205278 1.14966 1.00237 1.08294 1.17955 1.38615 1.71108 2.10929 2.53011 2.94721 2.71679 2.26034 1.80621 1.71327 1.62094 1.30044 1.15405 1.23475 1.05295 1.06351 
0.0207321 1.19396 1.03558 1.0916 1.23203 1.44515 1.79878 2.21199 2.65361 3.01426 2.57529 2.10193 1.63094 1.68177 1.6789 1.27381 1.14609 1.20401 1.02726 1.06057 
0.0208733 1.15986 1.01728 1.08545 1.20871 1.41596 1.75743 2.15948 2.58446 2.9636 2.59794 2.13959 1.68262 1.60038 1.73171 1.28087 1.19871 1.25494 0.993331 1.01675 
0.0203907 1.13504 1.06367 1.15561 1.2342 1.34641 1.62751 1.99567 2.38714 2.7782 2.80507 2.37987 1.95573 1.8302 1.52301 1.31844 1.15465 1.18142 1.03028 1.00504 
0.0210621 1.09422 1.00573 1.13244 1.27948 1.51216 1.86857 2.29093 2.7347 3.1664 3.04636 2.5789 2.11044 1.96468 1.83874 1.56211 1.30555 1.30031 1.15406 1.11639 
0.021503 1.34172 1.0862 1.00348 1.0647 1.2389 1.57461 1.98462 2.42395 2.82169 2.46558 1.99102 1.52 1.59522 1.51264 1.22422 1.04804 1.14978 1.12449 1.26071 
0.0214932 1.37148 1.1022 0.99596 1.04285 1.20551 1.5227 1.92234 2.35504 2.77984 2.49796 2.02701 1.5614 1.50476 1.59907 1.18992 1.0713 1.16318 1.082 1.20723 
0.0215759 1.28902 1.0665 1.00011 1.08803 1.2323 1.53776 1.92951 2.3461 2.76254 2.6044 2.14988 1.69708 1.62841 1.63193 1.26162 1.11508 1.17348 1.07228 1.15667 
0.021366 1.62447 1.299 1.11141 1.09529 1.0824 1.33445 1.73385 2.17058 2.60387 2.33368 1.85095 1.38811 1.66081 1.22472 1.15182 1.13655 1.1868 1.28302 1.50569 
