0.0254485 1.32583 2.0442 2.37488 1.31818 1.24098 2.03662 2.86716 2.44654 1.56187 1.91784 2.79342 2.70371 1.89469 2.79069 2.28364 1.43229 2.01086 2.25589 1.35646 
0.0257227 1.26285 2.03824 2.51894 1.43667 1.27176 2.11736 3.00634 2.76494 1.83553 2.00861 2.9295 3.01439 2.11302 2.95599 2.55564 1.67844 2.18736 2.44408 1.52983 
0.0257842 1.35274 2.22714 2.71958 1.59825 1.57354 2.44307 3.34532 3.08308 2.14261 2.25453 3.19111 3.42216 2.49733 3.14545 2.94094 2.0289 2.22921 2.77271 1.78282 
0.0258691 1.32495 2.04856 2.49356 1.39367 1.29111 2.1385 3.03755 2.76171 1.82027 1.97542 2.91405 3.04145 2.12144 2.91774 2.58196 1.68773 2.11764 2.44198 1.50008 
0.0257338 1.29408 2.00838 2.50826 1.50333 1.24685 2.00808 2.82669 2.53743 1.66606 1.94993 2.81949 2.78651 1.9719 2.87223 2.33596 1.47886 2.03808 2.32744 1.40656 
0.0268746 1.38787 2.11926 2.11078 1.04714 1.61532 2.50267 2.49924 1.53873 1.91977 2.83321 2.4192 1.49921 2.02718 2.95845 2.24607 1.3403 2.07024 2.41956 1.44842 
0.0266865 1.35962 2.08287 2.24258 1.12441 1.63614 2.55548 2.59823 1.6065 1.98597 2.93047 2.47647 1.52158 2.11749 3.07347 2.27937 1.33732 2.19048 2.40778 1.39087 
0.0268274 1.30164 2.00646 2.2961 1.11975 1.53253 2.51668 2.78808 1.75213 1.90894 2.90855 2.68547 1.69414 2.09741 3.10961 2.44899 1.49264 2.23939 2.57327 1.58346 
0.0268344 1.29938 2.0168 2.15757 1.00452 1.66807 2.6461 2.57371 1.53343 2.12523 3.12165 2.46857 1.47462 2.35085 3.20263 2.25316 1.36823 2.44766 2.44459 1.47772 
0.0267891 1.52078 2.25709 2.20751 1.10822 1.73883 2.69652 2.61884 1.58256 1.99036 2.98101 2.52406 1.5223 2.08573 3.04791 2.20437 1.23837 2.07862 2.32843 1.37724 
0.0279889 1.19849 1.78976 2.5104 1.58465 1.12728 1.91503 2.75388 2.55405 1.67667 1.86154 2.73036 2.64365 1.79659 2.66959 2.38832 1.5379 1.90232 2.40469 1.491 
0.0281058 1.12614 1.65775 2.44992 1.7177 1.04883 1.78818 2.62509 2.71593 1.84703 1.71104 2.57264 2.81875 1.97483 2.56578 2.50514 1.6621 1.76965 2.50396 1.63111 
0.0284097 1.10597 1.71443 2.50664 1.73912 1.07742 1.86869 2.73645 2.97442 2.08017 1.75926 2.64982 3.08804 2.22264 2.70824 2.7121 1.85668 1.85568 2.68171 1.80575 
0.0279786 1.04485 1.58335 2.38126 1.90291 1.06231 1.84038 2.73474 3.02757 2.10328 1.8622 2.78496 3.01425 2.1198 2.82831 2.63544 1.74789 2.07672 2.56245 1.62197 
0.0284987 1.18323 1.73562 2.43084 1.60846 1.08682 1.80784 2.58489 2.42413 1.60617 1.77756 2.58966 2.47875 1.68204 2.50625 2.28238 1.47708 1.76691 2.32078 1.44689 
0.0322457 1.76052 2.53205 2.60908 1.42607 1.62196 2.54735 3.28992 2.26195 1.49547 2.48203 3.19104 2.1849 1.43883 2.46343 2.67609 1.68868 1.66036 2.46877 1.35173 
0.0323364 1.72729 2.4837 2.64093 1.46326 1.55814 2.46755 3.28795 2.31725 1.40252 2.37154 3.22057 2.26377 1.33634 2.34786 2.75062 1.77813 1.52181 2.53076 1.45737 
0.0323683 1.74303 2.5215 2.6775 1.48685 1.60629 2.52357 3.32612 2.32733 1.478 2.46526 3.22907 2.23524 1.46659 2.49284 2.68133 1.69298 1.71594 2.4555 1.32413 
0.0325614 1.33015 2.35326 2.70861 1.45401 1.8378 2.83568 3.72084 2.75944 1.95089 2.9581 3.80894 2.83804 2.03685 3.07095 3.38643 2.40775 2.29095 3.26058 2.08573 
0.0324932 1.34597 2.36901 2.70407 1.44724 1.86394 2.8643 3.72303 2.74009 1.99126 3.00028 3.80691 2.81669 2.06407 3.10016 3.36519 2.38464 2.32969 3.23178 2.03772 
0.0257334 1.43899 2.51183 1.928 1.05059 1.93355 2.96838 3.05431 1.98363 2.04207 3.08976 3.29179 2.25968 1.95714 3.01902 2.94712 1.95115 2.22826 2.96432 1.82896 
0.0250548 1.45114 2.56658 1.97566 1.18689 2.06624 3.06472 3.20115 2.16888 2.12249 3.13287 3.45902 2.45762 1.98223 3.00763 3.10835 2.13206 2.1597 3.009 1.90463 
0.0249322 1.50183 2.5052 1.71958 1.11465 1.931 2.85344 2.86949 1.90461 1.89192 2.83982 3.19444 2.25095 1.66253 2.62856 2.8983 1.97855 1.76334 2.78119 1.79226 
0.0249344 1.5508 2.58077 1.70493 1.14955 2.04863 3.0366 3.05322 2.03368 2.01966 3.02311 3.40491 2.41288 1.82549 2.8418 3.07925 2.12116 1.98485 2.93702 1.8993 
0.0242953 1.59732 2.47358 1.9755 1.08143 1.73982 2.66359 2.75575 1.75653 1.71429 2.69598 2.9577 1.96758 1.51697 2.52924 2.62749 1.65882 1.64114 2.61622 1.529 
0.0253077 1.30713 1.85436 2.57714 1.61614 1.35495 2.19711 3.10207 2.75297 1.81794 2.46174 3.41605 2.67322 1.73279 2.68616 3.15163 2.18846 1.93628 2.81579 1.7867 
0.0245786 1.1925 1.7301 2.4496 1.50338 1.17482 1.99707 2.87213 2.71706 1.81411 2.22813 3.15653 2.59103 1.6874 2.51503 2.93377 2.01717 1.97832 2.53722 1.56884 
0.0258659 1.36993 1.94112 2.49818 1.49409 1.55653 2.45615 3.36633 2.53015 1.86583 2.84256 3.47634 2.48971 2.01611 3.06007 3.08074 2.08811 2.19627 2.89028 1.80605 
0.0251875 1.24149 1.78562 2.26729 1.30455 1.31062 2.14389 3.00677 2.42773 1.54575 2.4252 3.23636 2.39287 1.68111 2.62219 2.91204 2.0236 1.93271 2.68036 1.73312 
0.0248495 1.23612 1.8107 2.32166 1.32189 1.31641 2.1895 3.08857 2.47903 1.57911 2.50259 3.31817 2.42752 1.76511 2.74185 2.96276 2.04273 2.062 2.71929 1.74035 
0.0268155 1.52228 1.97042 2.13057 1.16811 1.58368 2.53135 3.34021 2.3616 1.68393 2.64566 3.28154 2.31407 1.7586 2.74273 2.85321 1.9173 1.8516 2.63336 1.56589 
0.0266826 1.69904 1.9631 1.90541 1.11492 1.38651 2.27812 2.98795 1.98668 1.37446 2.32804 2.87511 1.90366 1.38417 2.37355 2.51054 1.5818 1.4884 2.37275 1.33723 
0.0265861 1.89087 2.18888 2.14345 1.28746 1.51146 2.44039 3.19146 2.13087 1.49929 2.50706 3.02742 1.99249 1.50575 2.55671 2.63694 1.6408 1.56801 2.49619 1.3581 
0.0264797 1.68693 1.94821 1.96641 1.18279 1.3117 2.18362 3.04686 2.17619 1.38599 2.32532 2.89726 1.94109 1.4438 2.41405 2.50365 1.59419 1.53552 2.35957 1.3281 
0.0262472 1.87884 2.20392 1.98953 1.21782 1.5443 2.46095 2.98495 1.92625 1.61079 2.60087 2.76543 1.74485 1.65026 2.6669 2.4317 1.45773 1.70242 2.40993 1.29797 
0.0261683 1.20163 1.59591 2.30576 1.38805 1.2005 1.99058 2.84678 2.53621 1.64461 2.0362 2.93368 2.55467 1.66967 2.50128 2.58437 1.73391 1.86653 2.31831 1.42845 
0.0263036 1.22108 1.6287 2.33764 1.41259 1.2323 2.04187 2.91189 2.48297 1.57057 2.12883 3.04777 2.4511 1.54248 2.42651 2.65593 1.78148 1.81534 2.34848 1.43345 
0.0255919 1.20467 1.59056 2.37263 1.49748 1.13285 1.95473 2.84115 2.78072 1.85362 1.9696 2.90073 2.79445 1.88181 2.60419 2.67226 1.80586 2.00964 2.34436 1.43914 
0.026907 1.1981 1.62141 2.21665 1.32166 1.31276 2.11931 2.96001 2.43668 1.55897 2.25433 3.14186 2.54825 1.96207 2.86337 2.50116 1.64715 2.04266 2.47466 1.58127 
0.026168 1.13387 1.56873 2.28108 1.42959 1.17353 1.94308 2.75844 2.57301 1.72354 2.03985 2.89506 2.53319 1.70893 2.57289 2.49045 1.67594 2.00121 2.2482 1.40213 
0.0276078 1.24043 1.69726 2.10403 1.1889 1.45723 2.30846 2.96941 2.08112 1.76805 2.6415 2.90021 2.03217 1.92861 2.82451 2.54401 1.69023 2.07066 2.44563 1.55996 
0.0278368 1.24215 1.71065 2.031 1.13741 1.45904 2.30647 2.96538 2.08672 1.74987 2.61527 2.94092 2.08121 1.89044 2.77742 2.61229 1.77455 1.97781 2.54901 1.68238 
0.0274983 1.25275 1.72015 2.12512 1.19061 1.44744 2.30816 3.05371 2.20071 1.70358 2.58607 3.03023 2.15426 1.85406 2.76279 2.6609 1.80383 2.03278 2.52628 1.63276 
0.0273347 1.25459 1.71341 2.19108 1.22671 1.39255 2.26743 3.12579 2.34795 1.62127 2.51843 3.15763 2.27376 1.78496 2.71321 2.72471 1.85822 2.04242 2.50733 1.60105 
0.0272424 1.24381 1.67819 2.1758 1.24349 1.36401 2.20887 3.0473 2.29938 1.54914 2.42348 3.10191 2.24931 1.67921 2.58586 2.70841 1.8606 1.86906 2.52051 1.63136 
0.0277681 1.293 1.8403 2.11405 1.08047 1.5495 2.4754 3.02946 2.05777 1.9086 2.83923 2.97507 2.04828 2.01501 2.96091 2.57471 1.67077 2.21658 2.32644 1.4749 
0.0278747 1.3545 1.87533 2.22233 1.23128 1.51463 2.41159 3.11097 2.16262 1.80469 2.7224 3.04523 2.12034 1.89034 2.84029 2.58597 1.66624 2.09001 2.28847 1.41356 
0.0277947 1.53164 1.85102 2.21922 1.25806 1.28702 2.16575 2.94834 2.00496 1.49112 2.43498 2.82316 1.8612 1.55583 2.55852 2.32359 1.36746 1.85263 2.00106 1.14823 
0.0283382 1.59614 1.93756 2.21002 1.3033 1.37806 2.25412 2.9171 1.93007 1.61474 2.55777 2.80405 1.84555 1.64529 2.63442 2.40737 1.45977 1.80357 2.19931 1.31868 
0.0277619 1.2239 1.71246 2.29676 1.30877 1.32288 2.22024 3.12003 2.41494 1.57268 2.50038 3.28704 2.39565 1.65763 2.63445 2.88573 1.9587 1.89751 2.58303 1.64963 
