0.000884944 2.39368e-007 1.97458e-011 3.02479e-011 0.0256275 
0.000906788 2.98431e-007 1.43204e-011 2.79198e-011 0.0261083 
0.000908867 2.99128e-007 1.62226e-011 2.96205e-011 0.0261448 
0.000915765 3.12435e-007 1.57598e-011 3.0079e-011 0.0259687 
0.00088954 2.59057e-007 1.92401e-011 2.89263e-011 0.0254065 
0.000837221 1.33922e-007 2.72142e-011 1.92942e-011 0.0260391 
0.000837783 1.33286e-007 2.60637e-011 1.95503e-011 0.0254142 
0.000839958 1.2968e-007 2.31181e-011 2.07099e-011 0.0254281 
0.000837966 1.30705e-007 2.13137e-011 2.06931e-011 0.0249703 
0.00083807 1.30518e-007 2.11394e-011 2.0761e-011 0.0246478 
0.000821471 1.5288e-007 3.23786e-011 1.71002e-011 0.0271704 
0.000821521 1.51498e-007 3.23426e-011 1.7232e-011 0.0272885 
0.000822738 1.52322e-007 3.23689e-011 1.7437e-011 0.0271096 
0.000844524 2.07109e-007 2.8056e-011 1.92037e-011 0.0272981 
0.000844674 2.07316e-007 2.77539e-011 1.92455e-011 0.0287612 
0.000826874 1.3636e-007 1.4278e-011 2.49778e-011 0.0256224 
0.000828193 1.37364e-007 1.4373e-011 2.55013e-011 0.0260787 
0.000828201 1.38329e-007 1.47408e-011 2.52976e-011 0.0262021 
0.000834929 1.47965e-007 1.41786e-011 2.49482e-011 0.027694 
0.00082635 1.24424e-007 1.29462e-011 2.43437e-011 0.0273675 
0.000831806 1.43485e-007 1.91015e-011 2.3915e-011 0.0258411 
0.000843831 1.78349e-007 2.01119e-011 2.42873e-011 0.0262014 
0.000842957 1.78518e-007 1.94198e-011 2.38195e-011 0.0260872 
0.000856383 1.89087e-007 2.09581e-011 2.7792e-011 0.0260507 
0.000824729 1.17547e-007 2.11622e-011 1.80392e-011 0.0239937 
0.000789422 1.13886e-007 2.91704e-011 1.37279e-011 0.0218491 
0.000786665 1.1419e-007 2.97251e-011 1.35167e-011 0.0217779 
0.000790126 9.80916e-008 3.02695e-011 1.27856e-011 0.0216314 
0.000792574 9.78229e-008 2.9454e-011 1.37819e-011 0.021685 
0.000789324 8.84216e-008 2.77298e-011 1.1994e-011 0.0215622 
0.000789178 1.35999e-007 4.13988e-011 8.8993e-012 0.0221493 
0.000790062 1.45519e-007 4.22059e-011 9.65929e-012 0.0222623 
0.000793122 1.35791e-007 3.78381e-011 8.28102e-012 0.0215613 
0.000791663 1.40643e-007 3.92228e-011 9.22601e-012 0.0220565 
0.000794031 1.54171e-007 4.0391e-011 1.01939e-011 0.0219967 
0.000795749 8.95229e-008 4.84927e-011 1.51004e-011 0.0268167 
0.000784187 8.3896e-008 4.63731e-011 1.21049e-011 0.0265813 
0.000792649 8.93443e-008 4.84983e-011 1.51234e-011 0.0267235 
0.000808975 1.36543e-007 4.35584e-011 1.77702e-011 0.0277233 
0.00080028 9.96831e-008 5.43968e-011 1.67122e-011 0.0263193 
0.000779627 9.89071e-008 1.58181e-011 8.48487e-012 0.0235456 
0.000781309 9.915e-008 1.57972e-011 8.66197e-012 0.0234807 
0.000780561 1.16856e-007 1.35784e-011 9.13736e-012 0.0236857 
0.000782452 1.1903e-007 1.36373e-011 9.3616e-012 0.0236673 
0.000784439 1.25021e-007 1.33521e-011 9.6925e-012 0.0234392 
0.0007937 1.20706e-007 2.8696e-011 1.09724e-011 0.0242632 
0.000794056 1.32789e-007 2.49328e-011 1.09451e-011 0.0241461 
0.000793541 9.92093e-008 4.4354e-011 8.87803e-012 0.0239714 
0.000786323 1.11496e-007 3.18238e-011 9.2985e-012 0.0242647 
0.000790537 1.36903e-007 2.48921e-011 1.03749e-011 0.0239796 