0.026602 1.13874 1.00403 1.26558 1.89679 2.66608 3.44103 4.10913 3.39019 2.58445 1.818 2.51281 3.3187 4.09032 3.55592 2.75287 1.92806 2.06476 1.68009 1.41849 
0.0264537 1.56613 1.12116 1.0007 1.36757 2.05476 2.78081 3.50038 2.88521 2.09842 1.30067 1.80897 2.59227 3.35676 2.80974 2.03011 1.23006 1.65714 1.41135 1.29444 
0.026508 1.23645 1.01236 1.19682 1.75055 2.49794 3.25128 3.91515 3.23473 2.43724 1.6372 2.3058 3.10836 3.86024 3.27648 2.471 1.64579 1.95092 1.55844 1.24384 
0.026005 1.19948 0.995713 1.05089 1.53912 2.2396 2.94563 3.63209 3.13599 2.39807 1.65634 2.08766 2.83208 3.58872 3.4942 2.75283 2.00573 1.79837 1.42536 1.28971 
0.026205 1.14758 1.01019 1.02627 1.50089 2.17286 2.84893 3.50557 3.06006 2.3558 1.64601 1.97058 2.68255 3.40464 3.49155 2.77157 2.05991 1.77455 1.3685 1.23316 
0.0222607 1.3108 1.05716 1.13971 1.52961 2.16492 2.83572 3.28193 2.5545 1.82489 1.43029 2.13022 2.83941 3.31926 2.61967 1.90348 1.45715 1.42839 1.15527 1.04135 
0.0230034 1.18264 1.02131 1.23264 1.67311 2.32093 3.00756 3.45437 2.71095 1.97424 1.60933 2.30879 3.02173 3.34975 2.63808 1.91714 1.61348 1.66746 1.32219 1.0156 
0.0225816 1.22131 1.01376 1.09117 1.43725 2.03317 2.65299 3.17375 2.5888 1.92176 1.36419 2.0118 2.66903 3.31171 2.88813 2.22803 1.6392 1.3377 1.09967 1.04199 
0.0230665 1.48022 1.11553 1.08409 1.4178 2.00908 2.66766 2.81165 2.08583 1.36085 1.34152 2.02544 2.72458 2.9738 2.26817 1.56159 1.18374 1.39779 1.04739 1.14546 
0.0231889 1.23209 1.01211 1.15593 1.58426 2.19957 2.85436 3.03632 2.32417 1.61693 1.5824 2.26965 2.97392 3.30097 2.59819 1.89468 1.1857 1.55724 1.158 1.00672 
0.0263363 1.44352 1.0768 1.08753 1.39355 1.96293 2.58611 2.94845 2.25099 1.55835 1.40569 2.08635 2.78514 2.99282 2.2901 1.57865 1.43087 1.66319 1.18946 1.01995 
0.0262437 1.53019 1.16151 1.19979 1.49575 2.08494 2.74504 3.03522 2.29513 1.56708 1.53019 2.24681 2.98241 3.03787 2.2943 1.542 1.49348 1.66309 1.17697 1.08357 
0.025867 1.15111 0.921684 1.18893 1.67594 2.34184 3.04008 3.64876 3.01352 2.2827 1.85896 2.60491 3.36009 4.08234 3.55923 2.80735 2.16485 2.15029 1.63177 1.36752 
0.0258538 1.1528 0.943975 1.24019 1.74711 2.42955 3.14365 3.73867 3.07841 2.33185 1.93902 2.70155 3.47109 4.17337 3.64826 2.88013 2.22869 2.20656 1.67422 1.39874 
0.0260389 0.980703 1.15378 1.69002 2.29879 3.01728 3.75766 4.32909 3.63374 2.8719 2.51095 3.28501 4.06918 4.78115 4.19042 3.40481 2.76245 2.65899 2.03682 1.58015 
0.024886 1.33025 1.00633 1.12344 1.65906 2.37854 3.14044 3.55814 2.74637 1.93724 1.49712 2.2587 3.02639 3.61574 2.89865 2.12462 1.58736 1.86701 1.34489 1.24297 
0.0249579 1.27653 0.993828 1.12006 1.64962 2.35207 3.0897 3.43015 2.63921 1.85431 1.48088 2.22288 2.97071 3.52315 2.79926 2.04715 1.57428 1.8073 1.29347 1.21412 
0.024859 1.33246 1.0055 1.10329 1.62336 2.33392 3.08019 3.53789 2.75456 1.9655 1.43863 2.19699 2.95996 3.64724 3.03372 2.26886 1.67517 1.81161 1.30273 1.28401 
0.0248426 1.32889 1.00281 1.11069 1.61184 2.32203 3.06237 3.5509 2.7812 1.99426 1.44753 2.20315 2.96374 3.63747 3.03501 2.27424 1.67839 1.83265 1.31483 1.27558 
0.0248599 1.34031 1.02249 1.07967 1.56409 2.24827 2.95892 3.4666 2.74535 1.98614 1.31661 2.03334 2.77262 3.52126 3.13963 2.39911 1.65557 1.75873 1.24794 1.2057 
0.0242014 1.3183 1.00973 1.06455 1.44935 2.07173 2.73284 3.11312 2.39994 1.68493 1.41578 2.11023 2.81367 3.21457 2.5103 1.79839 1.52961 1.59712 1.18795 1.15558 
0.0240897 1.30265 1.00686 1.0708 1.47712 2.10972 2.78107 3.05642 2.31953 1.59139 1.45795 2.16079 2.87284 3.06105 2.3395 1.61807 1.52347 1.54004 1.16785 1.16532 
0.0239795 1.29833 0.997669 1.07152 1.47534 2.09513 2.76219 2.99422 2.25938 1.53112 1.41841 2.11266 2.8185 2.97374 2.25851 1.54065 1.38639 1.58996 1.18623 1.12994 
0.0234515 1.42567 1.05589 1.00183 1.28454 1.86496 2.4998 3.02213 2.40507 1.71568 1.163 1.84397 2.53424 3.19721 2.71572 2.02246 1.47828 1.41291 1.11434 1.15385 
0.0230784 1.52574 1.10442 1.00425 1.2475 1.83292 2.47727 3.01994 2.39601 1.68932 1.11192 1.80525 2.51071 3.16996 2.63474 1.92178 1.39052 1.42783 1.10668 1.16754 
0.0231175 1.14093 1.01311 1.09627 1.3895 1.89957 2.46735 3.05793 3.19234 2.56768 2.18957 2.80465 3.35789 2.87508 2.2597 1.63968 1.36635 1.34629 1.298 1.15994 
0.0231913 1.14477 1.02391 1.15181 1.45378 1.98086 2.56831 3.18289 3.32304 2.6761 2.36085 3.00255 3.48868 2.90182 2.26206 1.60956 1.56985 1.36954 1.32408 1.16333 
0.0230097 1.15958 1.01737 1.09077 1.3753 1.87446 2.43866 3.02851 3.165 2.53918 2.21874 2.84101 3.33553 2.79163 2.16939 1.53922 1.39128 1.28192 1.24993 1.12473 
0.0230733 1.1715 1.00148 1.09709 1.33501 1.83467 2.38951 2.96864 3.11541 2.50653 2.23288 2.84243 3.32595 2.78059 2.17059 1.55743 1.42667 1.24828 1.24186 1.12107 
0.0227694 1.17485 1.00863 1.13532 1.33004 1.81951 2.36198 2.92803 3.23647 2.64427 2.20833 2.80269 3.35626 2.96546 2.37037 1.77696 1.46108 1.29958 1.27342 1.1488 
0.0207481 1.10223 0.995017 1.18901 1.39045 1.81561 2.33821 2.88733 3.2665 2.71504 2.33142 2.91099 3.40091 2.92923 2.34503 1.75863 1.63542 1.23977 1.123 1.00392 
0.0209139 1.123 1.03425 1.25168 1.43593 1.88501 2.41401 2.96527 3.2774 2.69117 2.38857 2.97147 3.42349 2.91459 2.32703 1.73639 1.6191 1.24818 1.08652 0.984525 
0.0204776 1.24939 1.14912 1.2871 1.4663 1.78584 2.31889 2.87423 3.33742 2.84065 2.30425 2.86336 3.44954 3.14672 2.55599 1.96821 1.62528 1.19257 1.07816 0.989752 
0.020388 1.22743 1.14388 1.26157 1.43075 1.71438 2.23467 2.77101 3.26343 2.84807 2.29505 2.70925 3.27323 3.24553 2.67416 2.10932 1.60503 1.25076 1.14987 1.00937 
0.0201685 1.35025 1.21519 1.31296 1.40881 1.75392 2.28844 2.84574 3.2909 2.75858 2.20081 2.74666 3.3403 3.14298 2.54085 1.9451 1.49874 1.11988 1.0837 1 
0.0242007 1.37824 1.0683 1.02168 1.12747 1.5572 2.09761 2.67488 2.86586 2.24686 1.82744 2.44047 3.06278 2.78689 2.16824 1.55346 1.27694 1.25764 1.26617 1.22165 
0.0244914 1.32624 1.06066 1.01109 1.16717 1.62083 2.16347 2.74524 2.80276 2.18495 1.89095 2.5166 3.11636 2.71412 2.09413 1.47456 1.31167 1.22346 1.2696 1.24756 
0.0246302 1.27972 1.034 0.998603 1.17989 1.62503 2.15309 2.73114 2.7834 2.17304 1.87086 2.48661 3.06532 2.63412 2.02099 1.41098 1.31537 1.21747 1.25408 1.17773 
0.0246572 1.27799 1.03832 1.01608 1.2024 1.65463 2.19825 2.78206 2.77107 2.15422 1.92997 2.55368 3.11198 2.60996 1.98907 1.36774 1.38152 1.15935 1.25122 1.23045 
0.02466 1.26479 1.04536 1.00714 1.18201 1.62718 2.15355 2.72612 2.73563 2.1296 1.90733 2.51972 3.05811 2.56191 1.95463 1.34037 1.34069 1.15946 1.23583 1.19865 
0.0247294 1.0588 1.03682 1.26353 1.44625 1.95439 2.49613 3.04815 3.17264 2.58988 2.1846 2.76731 3.35359 3.08701 2.50474 1.92649 1.32751 1.43168 1.19841 1.16347 
0.0247362 1.04346 1.05225 1.25138 1.45657 1.9694 2.50812 3.05653 3.1265 2.54827 2.18926 2.76791 3.3396 3.04004 2.46391 1.89027 1.2937 1.41472 1.23399 1.17273 
0.0240126 1.05219 1.02062 1.24935 1.38548 1.86763 2.39874 2.94165 3.12025 2.55183 2.17174 2.73974 3.30054 3.01573 2.44958 1.88779 1.3133 1.30638 1.23036 1.16027 
0.0244681 1.03822 1.04709 1.24189 1.40649 1.8989 2.41151 2.93671 3.05068 2.4991 2.14262 2.69476 3.24974 2.98945 2.43875 1.89007 1.33063 1.33501 1.19915 1.15503 
0.0244462 1.04326 1.03393 1.24382 1.37896 1.86043 2.38011 2.90452 3.07065 2.51801 2.10941 2.66157 3.21619 3.01084 2.46052 1.9123 1.3532 1.35855 1.18804 1.15014 
0.0236114 1.15213 0.99298 1.15067 1.26865 1.76974 2.31705 2.86971 2.93977 2.35753 2.01206 2.59313 3.17911 2.9279 2.3455 1.76459 1.4557 1.1271 1.16416 1.05303 
0.0238284 1.16266 0.986467 1.15721 1.35729 1.87925 2.45393 3.04563 3.12776 2.50767 2.17409 2.79035 3.4034 3.03715 2.41886 1.80179 1.54162 1.32137 1.29242 1.16929 
0.0238644 1.17922 1.01957 1.19679 1.43949 1.98695 2.59467 3.21627 3.21288 2.55924 2.35323 3.004 3.5469 3.00988 2.3588 1.70235 1.65644 1.30588 1.31974 1.16037 
0.0238204 1.19732 1.00908 1.15357 1.37024 1.91266 2.5042 3.11099 3.10966 2.47089 2.14415 2.78235 3.41019 3.01894 2.38047 1.74131 1.40461 1.34158 1.29849 1.19064 
0.0233701 1.14354 0.986708 1.0852 1.1562 1.61573 2.12853 2.65379 2.88607 2.33487 1.84052 2.3917 2.94866 2.93046 2.37362 1.82658 1.3505 1.13718 1.12177 1.04825 
