0.0251473 1.01907 1.11123 1.13834 1.6944 1.97635 2.68798 3.27961 2.6445 1.93842 1.40728 2.17303 2.9426 2.61151 1.8788 1.44384 2.28142 2.50941 1.74313 1.20523 
0.0258194 1.5208 1.35733 1.24687 1.72399 2.02977 2.81405 3.34748 2.56544 1.76166 1.30245 2.15605 2.97625 2.36736 1.54334 1.37818 2.30933 2.09789 1.28221 0.998937 
0.0258157 1.0111 1 1.20589 1.8882 2.31004 3.11609 3.81558 3.1006 2.30572 1.64119 2.51892 3.37694 3.05305 2.23917 1.77363 2.6987 2.82744 1.98514 1.4458 
0.0257764 1.6851 1.45712 1.27146 1.717 2.00117 2.80812 3.40967 2.61082 1.77766 1.14833 2.03657 2.92617 2.44359 1.59405 1.21917 2.18101 2.1758 1.33333 0.99133 
0.0253173 1.00721 1.08331 1.19254 1.80667 2.15918 2.9068 3.49766 2.78394 2.04493 1.56674 2.37302 3.1809 2.71729 1.95574 1.66396 2.54731 2.54245 1.74987 1.27187 
0.0241968 1.20223 1.48667 1.80257 1.99728 1.45183 1.97489 2.76816 3.31453 2.52494 1.73964 2.29444 3.11242 2.63334 1.85271 1.49384 2.4468 2.60619 1.71797 1.08206 
0.0240748 1.27009 1.56932 1.80989 2.04696 1.42022 2.04634 2.83973 3.36854 2.58014 1.79568 2.28653 3.096 2.72805 1.94133 1.40721 2.36686 2.7642 1.86517 1.14498 
0.0242013 1.01364 1.21563 1.55891 1.83433 1.38702 1.86234 2.64153 3.29669 2.60771 1.85946 2.02759 2.83185 2.969 2.19623 1.47544 2.21475 3.03834 2.20342 1.44512 
0.0242113 1.00185 1.17614 1.52216 1.79634 1.31863 1.85152 2.64624 3.21904 2.43825 1.67513 1.87126 2.6895 2.93357 2.14437 1.40877 2.21784 2.92486 2.04432 1.34589 
0.0240361 1.00097 1.19177 1.48878 1.81251 1.22109 1.89772 2.68458 3.13366 2.35988 1.60448 1.88402 2.69402 2.87862 2.09813 1.37809 2.22771 2.86399 1.98166 1.31817 
0.0265384 1.0017 1.16053 1.3411 1.64423 1.26787 1.65489 2.38502 3.01863 2.34473 1.63669 1.57686 2.32721 2.7182 2.00071 1.31991 1.85172 2.55394 1.84698 1.27733 
0.0266803 1.01069 1.16929 1.36336 1.66384 1.27588 1.70452 2.43926 3.03152 2.32717 1.61609 1.63037 2.38526 2.71278 1.98294 1.29947 1.92609 2.52942 1.8013 1.26231 
0.0267331 1.00556 1.17732 1.39869 1.69831 1.33276 1.6943 2.43313 3.06215 2.41944 1.70116 1.57718 2.33937 2.83454 2.10774 1.40305 1.84613 2.61207 1.91121 1.29925 
0.0260329 1.38682 1.2366 1.1522 1.24827 1.31089 1.99138 2.78493 2.6834 1.91104 1.16249 1.69399 2.49587 2.45744 1.72527 1.18728 2.01958 2.43489 1.72888 1.4726 
0.0262489 1.32819 1.17646 1.13037 1.27426 1.2608 1.97028 2.73675 2.63629 1.89069 1.16176 1.59444 2.37779 2.49034 1.77726 1.14872 1.85741 2.4538 1.77736 1.43313 
0.0247019 1.19759 1.24143 1.28252 1.51134 1.5333 2.18406 2.80922 2.38022 1.73122 1.08251 1.61761 2.29728 2.36956 1.7174 1.09356 1.73444 2.24426 1.51249 1.00958 
0.0246015 1.28312 1.31388 1.35985 1.56263 1.57533 2.24829 2.90453 2.49372 1.82022 1.14682 1.64851 2.35435 2.47419 1.79668 1.14028 1.73626 2.3556 1.59997 1.04361 
0.0246349 1.29513 1.33236 1.36875 1.58615 1.55019 2.22521 2.88904 2.55779 1.87949 1.20202 1.61573 2.32345 2.51924 1.83925 1.1748 1.68661 2.3898 1.64206 1.05579 
0.0256945 1.2777 1.30202 1.30094 1.64476 1.35968 2.06066 2.75566 2.62066 1.9182 1.21788 1.63236 2.36134 2.42547 1.72607 1.07618 1.85938 2.38845 1.60335 1.02393 
0.0258633 1.00004 1.05218 1.14193 1.4992 1.08349 1.5927 2.29637 2.86429 2.18644 1.51127 1.39818 2.13062 2.69164 2.00723 1.33879 1.78589 2.62969 1.88889 1.26364 
0.0254884 1.08101 1.10824 1.13526 1.56492 1.09599 1.62652 2.37614 2.99792 2.31917 1.59612 1.4027 2.17627 2.83084 2.14513 1.44987 1.77277 2.69574 1.97344 1.36317 
0.0249567 1.23889 1.23448 1.29291 1.56441 1.46873 2.14071 2.81087 2.54338 1.86504 1.18755 1.5561 2.25889 2.47409 1.8055 1.15279 1.6126 2.34387 1.6262 1.05358 
0.0249246 1.23376 1.22509 1.28968 1.55473 1.49528 2.16703 2.83747 2.49806 1.8201 1.14211 1.59145 2.29272 2.42425 1.75401 1.11093 1.68617 2.28416 1.53235 1.02126 
0.0249874 1.12483 1.02331 0.989836 1.47489 1.55669 2.27161 2.97334 2.51736 1.817 1.12334 1.73694 2.47748 2.6489 1.96059 1.32606 1.87992 2.66154 1.94081 1.38215 
0.0237472 0.999874 1.32459 1.61035 1.89764 1.68189 1.60368 2.30014 2.99695 2.88616 2.20165 1.95234 2.68246 2.80846 2.10245 1.42839 2.06096 2.77327 1.94309 1.2356 
0.0219338 1.00731 1.02518 1.22797 1.19261 1.38549 1.87341 2.50468 2.3974 1.80261 1.24083 1.83003 2.45232 2.21383 1.66499 1.23349 1.96139 2.29112 1.67504 1.29839 
0.0215368 1.23569 1.30473 1.47441 1.3307 1.40197 1.87847 2.49635 2.33409 1.71979 1.18002 1.8081 2.42 1.98251 1.40146 1.10165 1.8434 1.94257 1.32985 1.01502 
0.021392 1.00282 1.04417 1.23549 1.12339 1.30323 1.70238 2.31907 2.32659 1.74182 1.20066 1.67915 2.27743 2.17768 1.64765 1.19578 1.84757 2.28303 1.69858 1.29763 
0.0213785 0.995967 1.04482 1.19159 1.05841 1.2047 1.61662 2.20574 2.16441 1.60455 1.08618 1.63483 2.21619 1.98392 1.47837 1.11013 1.80431 2.07126 1.49862 1.15927 
0.02142 1.26833 1.39767 1.48576 1.36293 1.24334 1.86709 2.48995 2.1559 1.53332 1.13397 1.7559 2.3758 1.92945 1.35975 1.14336 1.87295 1.95558 1.34684 1.00672 
0.0214675 1.17523 1.33772 1.47459 1.43409 1.62697 1.87404 2.51516 2.4621 1.82346 1.33965 1.99194 2.61026 2.10212 1.49505 1.52975 2.21198 1.77755 1.24603 1.00889 
0.0219828 1.12896 1.24598 1.38712 1.31526 1.51405 1.89591 2.52603 2.24045 1.61332 1.39969 2.04335 2.43058 1.83189 1.24098 1.37962 2.04806 1.74399 1.21209 0.991635 
0.0211857 1.24628 1.12812 1.09003 1.0119 1.21069 1.50931 2.15371 2.21205 1.60913 1.10782 1.71411 2.35646 2.06891 1.54817 1.50679 2.13501 1.89965 1.4864 1.38263 
0.0214182 1.28445 1.42754 1.53854 1.4661 1.61623 1.98421 2.65509 2.37965 1.70533 1.38167 2.06939 2.63411 2.01942 1.37787 1.4494 2.17228 1.8053 1.23208 0.996182 
0.0216442 1.24575 1.34226 1.4505 1.3386 1.56124 1.93652 2.59261 2.33369 1.67496 1.34715 2.0189 2.56134 1.95239 1.32594 1.27182 1.959 1.87617 1.29778 1.01639 
0.0248521 1.21374 1.3582 1.50654 1.19528 1.33136 1.30516 1.98128 2.5694 2.00109 1.33884 1.28309 1.98942 2.49321 1.86019 1.21984 1.68311 2.24913 1.49853 1.10738 
0.0253701 1.20478 1.363 1.60523 1.27724 1.50478 1.15293 1.89182 2.63107 2.49999 1.77641 1.25008 2.01219 2.71751 2.11292 1.42342 1.90062 2.47043 1.66815 1.29969 
0.0259654 1.10071 1.48511 1.82339 1.64869 1.84557 1.46581 2.15858 2.85495 2.90678 2.21183 1.52164 2.14661 2.89259 2.51675 1.80255 1.78323 2.62445 1.90106 1.22366 
0.0256883 1.24989 1.28376 1.37997 1.03858 1.45409 1.40455 2.09278 2.74401 2.21222 1.52477 1.1252 1.86753 2.56648 2.05067 1.37934 1.55144 2.29157 1.56248 1.16511 
0.025612 1.06764 1.34642 1.60829 1.48738 1.63077 1.36589 2.06634 2.7675 2.72575 2.03158 1.36547 2.08925 2.82873 2.39675 1.69806 1.73339 2.56314 1.83584 1.22966 
0.0226816 1.0049 1.1576 1.4221 1.41388 1.44062 1.81704 2.39101 2.27667 1.70774 1.1561 1.63138 2.20951 2.13031 1.59317 1.09949 1.69426 2.13826 1.57385 1.11861 
0.0226208 1.03576 1.18782 1.44027 1.43651 1.4489 1.82653 2.41121 2.2787 1.69836 1.13542 1.67912 2.27041 2.08358 1.53881 1.0915 1.77916 2.09166 1.50082 1.06124 
0.0226999 1.00585 1.12615 1.38598 1.41825 1.60569 2.04973 2.67462 2.43012 1.81641 1.22796 1.83054 2.45567 2.27033 1.69193 1.2308 1.94803 2.22906 1.61983 1.21532 
0.0227454 1 1.1117 1.3784 1.42357 1.48641 2.04052 2.64768 2.32489 1.72742 1.2104 1.8213 2.43192 2.18607 1.62227 1.19393 1.89657 2.16672 1.57882 1.18752 
0.022622 1.01929 1.09229 1.33196 1.38321 1.57202 2.07557 2.71223 2.3904 1.76681 1.2462 1.88344 2.52343 2.20883 1.62905 1.30438 2.03261 2.14404 1.5472 1.21872 
0.0240277 1.0043 1.19862 1.42901 1.44328 1.67501 1.73878 2.36353 2.78911 2.17057 1.5571 1.49858 2.17924 2.54771 1.91967 1.30547 1.88973 2.22165 1.52719 1.09581 
0.0240865 1.00223 1.16171 1.41721 1.4634 1.7803 1.95948 2.61696 2.90554 2.25269 1.61361 1.65804 2.36423 2.67318 2.02408 1.38838 2.06899 2.32847 1.62073 1.22191 
0.0239405 1.02469 1.3224 1.67765 1.76838 1.70881 1.52413 2.23098 2.93895 2.71563 2.03203 1.6461 2.39552 2.97563 2.28554 1.62859 2.2254 2.61289 1.87044 1.36066 
0.0242676 1.3445 1.62936 1.91031 1.94793 1.78877 1.67149 2.40769 3.13493 2.73068 1.98745 1.53195 2.30863 2.89446 2.16473 1.42548 2.05385 2.34791 1.55977 1.05699 
0.0239958 1.06654 1.24784 1.45816 1.50595 1.69492 1.98959 2.59632 2.6248 2.01251 1.40371 1.62841 2.26874 2.36902 1.76405 1.19833 1.90259 2.00758 1.40086 1.02795 
